total_pop,pop_urban,pop_urban_areas,pop_urban_cluster,pop_rural,pop_not_defined,zipcode,statefipscode,stateabbreviation
70,0,0,0,70,0,"30165","01","AL"
9,0,0,0,9,0,"31905","01","AL"
10427,6676,6676,0,3751,0,"35004","01","AL"
7942,6334,6334,0,1608,0,"35005","01","AL"
3121,0,0,0,3121,0,"35006","01","AL"
26225,23735,23735,0,2490,0,"35007","01","AL"
20816,9400,0,9400,11416,0,"35010","01","AL"
124,124,0,124,0,0,"35013","01","AL"
4546,0,0,0,4546,0,"35014","01","AL"
16778,7933,0,7933,8845,0,"35016","01","AL"
2117,0,0,0,2117,0,"35019","01","AL"
27139,27053,27053,0,86,0,"35020","01","AL"
18888,13243,13243,0,5645,0,"35022","01","AL"
25436,15862,15862,0,9574,0,"35023","01","AL"
7933,0,0,0,7933,0,"35031","01","AL"
66,66,0,66,0,0,"35032","01","AL"
3403,0,0,0,3403,0,"35033","01","AL"
5541,3321,0,3321,2220,0,"35034","01","AL"
1581,0,0,0,1581,0,"35035","01","AL"
297,244,244,0,53,0,"35036","01","AL"
14965,11808,11808,0,3157,0,"35040","01","AL"
5831,2204,0,2204,3627,0,"35042","01","AL"
9234,2174,2174,0,7060,0,"35043","01","AL"
7713,4494,0,4494,3219,0,"35044","01","AL"
14870,5677,0,5677,9193,0,"35045","01","AL"
5108,0,0,0,5108,0,"35046","01","AL"
3996,0,0,0,3996,0,"35049","01","AL"
8787,2642,0,2642,6145,0,"35051","01","AL"
277,0,0,0,277,0,"35052","01","AL"
2617,0,0,0,2617,0,"35053","01","AL"
4101,1368,0,1368,2733,0,"35054","01","AL"
19427,14390,0,14390,5037,0,"35055","01","AL"
12630,1125,0,1125,11505,0,"35057","01","AL"
9936,2104,0,2104,7832,0,"35058","01","AL"
414,400,400,0,14,0,"35060","01","AL"
1465,1465,1465,0,0,0,"35061","01","AL"
7944,1809,0,1809,6135,0,"35062","01","AL"
3866,65,0,65,3801,0,"35063","01","AL"
11458,11458,11458,0,0,0,"35064","01","AL"
7232,6831,6831,0,401,0,"35068","01","AL"
265,0,0,0,265,0,"35070","01","AL"
15661,13470,13470,0,2191,0,"35071","01","AL"
5193,0,0,0,5193,0,"35072","01","AL"
2382,1346,1346,0,1036,0,"35073","01","AL"
93,93,0,93,0,0,"35074","01","AL"
13142,3297,0,3297,9845,0,"35077","01","AL"
2082,0,0,0,2082,0,"35078","01","AL"
8810,0,0,0,8810,0,"35079","01","AL"
15881,13892,13892,0,1989,0,"35080","01","AL"
7,0,0,0,7,0,"35082","01","AL"
3268,0,0,0,3268,0,"35083","01","AL"
8933,0,0,0,8933,0,"35085","01","AL"
2115,0,0,0,2115,0,"35087","01","AL"
2238,0,0,0,2238,0,"35089","01","AL"
2719,1040,1040,0,1679,0,"35091","01","AL"
14212,9477,9477,0,4735,0,"35094","01","AL"
7815,0,0,0,7815,0,"35096","01","AL"
1748,0,0,0,1748,0,"35097","01","AL"
1375,0,0,0,1375,0,"35098","01","AL"
16140,8062,2855,5207,8078,0,"35111","01","AL"
801,0,0,0,801,0,"35112","01","AL"
7172,6868,6868,0,304,0,"35114","01","AL"
14118,7167,7167,0,6951,0,"35115","01","AL"
4240,2076,2076,0,2164,0,"35116","01","AL"
5367,3968,3968,0,1399,0,"35117","01","AL"
3138,1501,1501,0,1637,0,"35118","01","AL"
116,95,95,0,21,0,"35119","01","AL"
13842,0,0,0,13842,0,"35120","01","AL"
15570,5250,0,5250,10320,0,"35121","01","AL"
23020,22111,22111,0,909,0,"35124","01","AL"
10456,4886,0,4886,5570,0,"35125","01","AL"
21725,15697,15697,0,6028,0,"35126","01","AL"
10099,9912,9912,0,187,0,"35127","01","AL"
10197,4025,0,4025,6172,0,"35128","01","AL"
3233,195,0,195,3038,0,"35130","01","AL"
4159,0,0,0,4159,0,"35131","01","AL"
3907,382,382,0,3525,0,"35133","01","AL"
1812,817,0,817,995,0,"35135","01","AL"
1796,0,0,0,1796,0,"35136","01","AL"
150,0,0,0,150,0,"35139","01","AL"
3281,0,0,0,3281,0,"35143","01","AL"
10948,2775,0,2775,8173,0,"35146","01","AL"
5468,2770,2770,0,2698,0,"35147","01","AL"
2702,1974,0,1974,728,0,"35148","01","AL"
630,0,0,0,630,0,"35149","01","AL"
18472,12171,0,12171,6301,0,"35150","01","AL"
7632,1260,0,1260,6372,0,"35151","01","AL"
26822,13493,0,13493,13329,0,"35160","01","AL"
3281,108,0,108,3173,0,"35171","01","AL"
2986,0,0,0,2986,0,"35172","01","AL"
25176,19630,19630,0,5546,0,"35173","01","AL"
5041,8,0,8,5033,0,"35175","01","AL"
921,0,0,0,921,0,"35176","01","AL"
3378,0,0,0,3378,0,"35178","01","AL"
8958,388,0,388,8570,0,"35179","01","AL"
13794,0,0,0,13794,0,"35180","01","AL"
706,0,0,0,706,0,"35183","01","AL"
5841,46,0,46,5795,0,"35184","01","AL"
4931,0,0,0,4931,0,"35186","01","AL"
32,32,32,0,0,0,"35187","01","AL"
2715,1428,0,1428,1287,0,"35188","01","AL"
3798,3798,3798,0,0,0,"35203","01","AL"
10337,10337,10337,0,0,0,"35204","01","AL"
19686,19686,19686,0,0,0,"35205","01","AL"
17177,17177,17177,0,0,0,"35206","01","AL"
9010,8817,8817,0,193,0,"35207","01","AL"
14855,14855,14855,0,0,0,"35208","01","AL"
29544,29544,29544,0,0,0,"35209","01","AL"
13952,13322,13322,0,630,0,"35210","01","AL"
26236,25301,25301,0,935,0,"35211","01","AL"
11539,11539,11539,0,0,0,"35212","01","AL"
13185,13185,13185,0,0,0,"35213","01","AL"
19592,18702,18702,0,890,0,"35214","01","AL"
46951,46125,46125,0,826,0,"35215","01","AL"
36408,36408,36408,0,0,0,"35216","01","AL"
13729,13408,13408,0,321,0,"35217","01","AL"
7353,7353,7353,0,0,0,"35218","01","AL"
4834,4834,4834,0,0,0,"35221","01","AL"
7884,7884,7884,0,0,0,"35222","01","AL"
11043,11043,11043,0,0,0,"35223","01","AL"
6094,5930,5930,0,164,0,"35224","01","AL"
31471,31217,31217,0,254,0,"35226","01","AL"
10419,10419,10419,0,0,0,"35228","01","AL"
940,940,940,0,0,0,"35229","01","AL"
1308,1308,1308,0,0,0,"35233","01","AL"
6311,6311,6311,0,0,0,"35234","01","AL"
19484,19484,19484,0,0,0,"35235","01","AL"
49545,47880,47880,0,1665,0,"35242","01","AL"
17328,17328,17328,0,0,0,"35243","01","AL"
32390,32385,32385,0,5,0,"35244","01","AL"
1403,1403,1403,0,0,0,"35254","01","AL"
39878,38972,38972,0,906,0,"35401","01","AL"
21251,20516,20516,0,735,0,"35404","01","AL"
37661,35091,35091,0,2570,0,"35405","01","AL"
13864,12348,12348,0,1516,0,"35406","01","AL"
1060,0,0,0,1060,0,"35441","01","AL"
4972,0,0,0,4972,0,"35442","01","AL"
2009,0,0,0,2009,0,"35443","01","AL"
3699,0,0,0,3699,0,"35444","01","AL"
2234,0,0,0,2234,0,"35446","01","AL"
3460,0,0,0,3460,0,"35447","01","AL"
3880,674,674,0,3206,0,"35452","01","AL"
11127,4602,4602,0,6525,0,"35453","01","AL"
3759,806,806,0,2953,0,"35456","01","AL"
82,0,0,0,82,0,"35457","01","AL"
594,0,0,0,594,0,"35458","01","AL"
872,0,0,0,872,0,"35459","01","AL"
834,0,0,0,834,0,"35460","01","AL"
1952,0,0,0,1952,0,"35461","01","AL"
5061,0,0,0,5061,0,"35462","01","AL"
1749,0,0,0,1749,0,"35463","01","AL"
654,0,0,0,654,0,"35464","01","AL"
6075,0,0,0,6075,0,"35466","01","AL"
221,0,0,0,221,0,"35469","01","AL"
5468,0,0,0,5468,0,"35470","01","AL"
14909,12519,12519,0,2390,0,"35473","01","AL"
6180,2958,380,2578,3222,0,"35474","01","AL"
14507,5107,5107,0,9400,0,"35475","01","AL"
8106,8099,8099,0,7,0,"35476","01","AL"
335,0,0,0,335,0,"35477","01","AL"
1343,0,0,0,1343,0,"35480","01","AL"
3668,0,0,0,3668,0,"35481","01","AL"
3857,294,0,294,3563,0,"35490","01","AL"
10424,7253,0,7253,3171,0,"35501","01","AL"
9068,1405,0,1405,7663,0,"35503","01","AL"
13596,5498,0,5498,8098,0,"35504","01","AL"
2415,0,0,0,2415,0,"35540","01","AL"
3597,0,0,0,3597,0,"35541","01","AL"
1021,0,0,0,1021,0,"35542","01","AL"
1137,0,0,0,1137,0,"35543","01","AL"
673,0,0,0,673,0,"35544","01","AL"
100,0,0,0,100,0,"35545","01","AL"
3901,0,0,0,3901,0,"35546","01","AL"
1558,0,0,0,1558,0,"35548","01","AL"
4341,0,0,0,4341,0,"35549","01","AL"
5605,0,0,0,5605,0,"35550","01","AL"
1044,0,0,0,1044,0,"35552","01","AL"
4680,0,0,0,4680,0,"35553","01","AL"
1186,0,0,0,1186,0,"35554","01","AL"
10177,3408,0,3408,6769,0,"35555","01","AL"
57,0,0,0,57,0,"35559","01","AL"
4340,0,0,0,4340,0,"35563","01","AL"
2361,0,0,0,2361,0,"35564","01","AL"
13485,3922,0,3922,9563,0,"35565","01","AL"
11145,3207,0,3207,7938,0,"35570","01","AL"
895,0,0,0,895,0,"35571","01","AL"
1131,0,0,0,1131,0,"35572","01","AL"
1507,0,0,0,1507,0,"35574","01","AL"
1018,0,0,0,1018,0,"35575","01","AL"
3217,0,0,0,3217,0,"35576","01","AL"
38,0,0,0,38,0,"35577","01","AL"
5833,0,0,0,5833,0,"35578","01","AL"
3136,0,0,0,3136,0,"35579","01","AL"
3791,0,0,0,3791,0,"35580","01","AL"
5778,0,0,0,5778,0,"35581","01","AL"
4093,0,0,0,4093,0,"35582","01","AL"
460,0,0,0,460,0,"35584","01","AL"
1418,0,0,0,1418,0,"35585","01","AL"
4469,0,0,0,4469,0,"35586","01","AL"
1025,0,0,0,1025,0,"35587","01","AL"
4664,0,0,0,4664,0,"35592","01","AL"
1931,0,0,0,1931,0,"35593","01","AL"
7794,0,0,0,7794,0,"35594","01","AL"
34434,34431,34431,0,3,0,"35601","01","AL"
30545,23054,20048,3006,7491,0,"35603","01","AL"
2252,0,0,0,2252,0,"35610","01","AL"
25251,14907,0,14907,10344,0,"35611","01","AL"
20546,10175,2995,7180,10371,0,"35613","01","AL"
7456,2257,0,2257,5199,0,"35614","01","AL"
68,0,0,0,68,0,"35615","01","AL"
4043,0,0,0,4043,0,"35616","01","AL"
1870,0,0,0,1870,0,"35618","01","AL"
5135,0,0,0,5135,0,"35619","01","AL"
8868,491,0,491,8377,0,"35620","01","AL"
2852,0,0,0,2852,0,"35621","01","AL"
7388,0,0,0,7388,0,"35622","01","AL"
32629,32499,32499,0,130,0,"35630","01","AL"
20877,8266,8266,0,12611,0,"35633","01","AL"
9711,3326,3326,0,6385,0,"35634","01","AL"
24267,13484,13484,0,10783,0,"35640","01","AL"
2941,0,0,0,2941,0,"35643","01","AL"
14060,2917,2917,0,11143,0,"35645","01","AL"
4635,0,0,0,4635,0,"35646","01","AL"
1030,0,0,0,1030,0,"35647","01","AL"
3635,0,0,0,3635,0,"35648","01","AL"
68,0,0,0,68,0,"35649","01","AL"
13971,2919,0,2919,11052,0,"35650","01","AL"
1312,0,0,0,1312,0,"35651","01","AL"
8190,0,0,0,8190,0,"35652","01","AL"
11150,7317,0,7317,3833,0,"35653","01","AL"
8685,2475,0,2475,6210,0,"35654","01","AL"
9042,9042,9042,0,0,0,"35660","01","AL"
16617,12348,12348,0,4269,0,"35661","01","AL"
7676,0,0,0,7676,0,"35670","01","AL"
2107,0,0,0,2107,0,"35671","01","AL"
6445,0,0,0,6445,0,"35672","01","AL"
8199,2473,2473,0,5726,0,"35673","01","AL"
18475,8750,8676,74,9725,0,"35674","01","AL"
1921,0,0,0,1921,0,"35677","01","AL"
5146,0,0,0,5146,0,"35739","01","AL"
3482,2164,0,2164,1318,0,"35740","01","AL"
2933,2160,2160,0,773,0,"35741","01","AL"
2570,0,0,0,2570,0,"35744","01","AL"
288,0,0,0,288,0,"35745","01","AL"
856,0,0,0,856,0,"35746","01","AL"
5901,0,0,0,5901,0,"35747","01","AL"
6276,604,604,0,5672,0,"35748","01","AL"
20575,17141,17020,121,3434,0,"35749","01","AL"
12783,3761,554,3207,9022,0,"35750","01","AL"
265,0,0,0,265,0,"35751","01","AL"
2047,0,0,0,2047,0,"35752","01","AL"
5362,0,0,0,5362,0,"35754","01","AL"
586,0,0,0,586,0,"35755","01","AL"
9016,5002,5002,0,4014,0,"35756","01","AL"
12840,12679,12679,0,161,0,"35757","01","AL"
41875,41873,41873,0,2,0,"35758","01","AL"
6406,4718,4718,0,1688,0,"35759","01","AL"
5065,0,0,0,5065,0,"35760","01","AL"
11630,3059,3059,0,8571,0,"35761","01","AL"
14216,10928,10928,0,3288,0,"35763","01","AL"
653,0,0,0,653,0,"35764","01","AL"
4013,0,0,0,4013,0,"35765","01","AL"
150,0,0,0,150,0,"35766","01","AL"
11581,5357,0,5357,6224,0,"35768","01","AL"
9537,4712,0,4712,4825,0,"35769","01","AL"
3645,0,0,0,3645,0,"35771","01","AL"
4908,0,0,0,4908,0,"35772","01","AL"
13018,2320,2320,0,10698,0,"35773","01","AL"
165,0,0,0,165,0,"35774","01","AL"
636,0,0,0,636,0,"35775","01","AL"
3395,0,0,0,3395,0,"35776","01","AL"
21509,21503,21503,0,6,0,"35801","01","AL"
21297,20764,20764,0,533,0,"35802","01","AL"
25471,24111,24111,0,1360,0,"35803","01","AL"
22498,22498,22498,0,0,0,"35805","01","AL"
18951,18763,18763,0,188,0,"35806","01","AL"
1946,1529,1529,0,417,0,"35808","01","AL"
30617,28957,28957,0,1660,0,"35810","01","AL"
25955,22939,22939,0,3016,0,"35811","01","AL"
15228,15228,15228,0,0,0,"35816","01","AL"
6070,5852,5852,0,218,0,"35824","01","AL"
636,636,636,0,0,0,"35896","01","AL"
20045,15994,15994,0,4051,0,"35901","01","AL"
18088,14439,14439,0,3649,0,"35903","01","AL"
14194,11364,11364,0,2830,0,"35904","01","AL"
6410,2416,2416,0,3994,0,"35905","01","AL"
9897,7355,7355,0,2542,0,"35906","01","AL"
8345,6370,6370,0,1975,0,"35907","01","AL"
20826,15673,0,15673,5153,0,"35950","01","AL"
13098,4727,0,4727,8371,0,"35951","01","AL"
7727,0,0,0,7727,0,"35952","01","AL"
7319,0,0,0,7319,0,"35953","01","AL"
12416,6203,6203,0,6213,0,"35954","01","AL"
8842,1145,0,1145,7697,0,"35956","01","AL"
15693,8503,0,8503,7190,0,"35957","01","AL"
3582,0,0,0,3582,0,"35958","01","AL"
4836,618,0,618,4218,0,"35959","01","AL"
10087,2654,0,2654,7433,0,"35960","01","AL"
6514,0,0,0,6514,0,"35961","01","AL"
8300,0,0,0,8300,0,"35962","01","AL"
1704,0,0,0,1704,0,"35963","01","AL"
3914,0,0,0,3914,0,"35966","01","AL"
16630,6810,0,6810,9820,0,"35967","01","AL"
4575,208,0,208,4367,0,"35968","01","AL"
4914,0,0,0,4914,0,"35971","01","AL"
1139,0,0,0,1139,0,"35972","01","AL"
2870,0,0,0,2870,0,"35973","01","AL"
1589,0,0,0,1589,0,"35974","01","AL"
1058,0,0,0,1058,0,"35975","01","AL"
16272,6838,0,6838,9434,0,"35976","01","AL"
5390,0,0,0,5390,0,"35978","01","AL"
1398,0,0,0,1398,0,"35979","01","AL"
5161,0,0,0,5161,0,"35980","01","AL"
2141,0,0,0,2141,0,"35981","01","AL"
3738,435,0,435,3303,0,"35983","01","AL"
1889,0,0,0,1889,0,"35984","01","AL"
7744,0,0,0,7744,0,"35986","01","AL"
2666,0,0,0,2666,0,"35987","01","AL"
1940,0,0,0,1940,0,"35988","01","AL"
3573,0,0,0,3573,0,"35989","01","AL"
38,0,0,0,38,0,"35990","01","AL"
1975,0,0,0,1975,0,"36003","01","AL"
1522,0,0,0,1522,0,"36005","01","AL"
1313,0,0,0,1313,0,"36006","01","AL"
2566,0,0,0,2566,0,"36009","01","AL"
4677,0,0,0,4677,0,"36010","01","AL"
562,0,0,0,562,0,"36013","01","AL"
5150,0,0,0,5150,0,"36016","01","AL"
3318,0,0,0,3318,0,"36017","01","AL"
1123,713,713,0,410,0,"36020","01","AL"
13092,5316,5316,0,7776,0,"36022","01","AL"
5428,0,0,0,5428,0,"36024","01","AL"
5729,4992,4992,0,737,0,"36025","01","AL"
1089,0,0,0,1089,0,"36026","01","AL"
16261,8844,0,8844,7417,0,"36027","01","AL"
1746,0,0,0,1746,0,"36028","01","AL"
723,0,0,0,723,0,"36029","01","AL"
491,0,0,0,491,0,"36030","01","AL"
156,0,0,0,156,0,"36031","01","AL"
2339,0,0,0,2339,0,"36032","01","AL"
4299,0,0,0,4299,0,"36033","01","AL"
807,0,0,0,807,0,"36034","01","AL"
1913,0,0,0,1913,0,"36035","01","AL"
2003,0,0,0,2003,0,"36036","01","AL"
14074,6026,0,6026,8048,0,"36037","01","AL"
57,0,0,0,57,0,"36038","01","AL"
253,0,0,0,253,0,"36039","01","AL"
3976,0,0,0,3976,0,"36040","01","AL"
1318,0,0,0,1318,0,"36041","01","AL"
1500,0,0,0,1500,0,"36042","01","AL"
3666,223,223,0,3443,0,"36043","01","AL"
1490,0,0,0,1490,0,"36046","01","AL"
1396,0,0,0,1396,0,"36047","01","AL"
1459,0,0,0,1459,0,"36048","01","AL"
5706,0,0,0,5706,0,"36049","01","AL"
2304,0,0,0,2304,0,"36051","01","AL"
739,0,0,0,739,0,"36052","01","AL"
1967,0,0,0,1967,0,"36053","01","AL"
15066,13957,13957,0,1109,0,"36054","01","AL"
6753,2160,2160,0,4593,0,"36064","01","AL"
19089,17557,17557,0,1532,0,"36066","01","AL"
26954,15098,15098,0,11856,0,"36067","01","AL"
1935,0,0,0,1935,0,"36069","01","AL"
766,0,0,0,766,0,"36071","01","AL"
2226,0,0,0,2226,0,"36075","01","AL"
13179,4040,0,4040,9139,0,"36078","01","AL"
9339,3976,0,3976,5363,0,"36079","01","AL"
2271,0,0,0,2271,0,"36080","01","AL"
15267,10283,0,10283,4984,0,"36081","01","AL"
1667,1638,0,1638,29,0,"36082","01","AL"
9563,4912,0,4912,4651,0,"36083","01","AL"
4767,4624,0,4624,143,0,"36088","01","AL"
8760,5307,0,5307,3453,0,"36089","01","AL"
3648,0,0,0,3648,0,"36091","01","AL"
20274,7163,974,6189,13111,0,"36092","01","AL"
9456,470,0,470,8986,0,"36093","01","AL"
9468,9444,9444,0,24,0,"36104","01","AL"
12043,10551,10551,0,1492,0,"36105","01","AL"
15211,15211,15211,0,0,0,"36106","01","AL"
9589,9589,9589,0,0,0,"36107","01","AL"
21306,18031,18031,0,3275,0,"36108","01","AL"
24777,24766,24766,0,11,0,"36109","01","AL"
12997,11462,11462,0,1535,0,"36110","01","AL"
12176,12176,12176,0,0,0,"36111","01","AL"
553,553,553,0,0,0,"36112","01","AL"
1902,1884,1884,0,18,0,"36113","01","AL"
623,623,623,0,0,0,"36115","01","AL"
43790,40997,40997,0,2793,0,"36116","01","AL"
50268,47630,47630,0,2638,0,"36117","01","AL"
20156,16657,16657,0,3499,0,"36201","01","AL"
18799,17587,17587,0,1212,0,"36203","01","AL"
635,373,373,0,262,0,"36205","01","AL"
11427,10368,10368,0,1059,0,"36206","01","AL"
19801,13987,13987,0,5814,0,"36207","01","AL"
4603,1081,1081,0,3522,0,"36250","01","AL"
5103,0,0,0,5103,0,"36251","01","AL"
969,0,0,0,969,0,"36255","01","AL"
1570,0,0,0,1570,0,"36256","01","AL"
1599,0,0,0,1599,0,"36258","01","AL"
4247,2255,2255,0,1992,0,"36260","01","AL"
1448,0,0,0,1448,0,"36262","01","AL"
658,0,0,0,658,0,"36263","01","AL"
8659,0,0,0,8659,0,"36264","01","AL"
21060,12742,12742,0,8318,0,"36265","01","AL"
5582,0,0,0,5582,0,"36266","01","AL"
35,0,0,0,35,0,"36267","01","AL"
5432,282,282,0,5150,0,"36268","01","AL"
1395,0,0,0,1395,0,"36269","01","AL"
6023,31,31,0,5992,0,"36271","01","AL"
13389,3666,0,3666,9723,0,"36272","01","AL"
2914,0,0,0,2914,0,"36273","01","AL"
11199,4275,0,4275,6924,0,"36274","01","AL"
2592,0,0,0,2592,0,"36276","01","AL"
5420,4464,4464,0,956,0,"36277","01","AL"
4366,0,0,0,4366,0,"36278","01","AL"
2645,0,0,0,2645,0,"36279","01","AL"
3932,0,0,0,3932,0,"36280","01","AL"
35759,26996,26996,0,8763,0,"36301","01","AL"
30217,26390,25289,1101,3827,0,"36303","01","AL"
14470,13052,13052,0,1418,0,"36305","01","AL"
6783,0,0,0,6783,0,"36310","01","AL"
2770,0,0,0,2770,0,"36311","01","AL"
6187,67,67,0,6120,0,"36312","01","AL"
285,0,0,0,285,0,"36313","01","AL"
595,0,0,0,595,0,"36314","01","AL"
1722,0,0,0,1722,0,"36316","01","AL"
590,0,0,0,590,0,"36317","01","AL"
1296,0,0,0,1296,0,"36318","01","AL"
2276,0,0,0,2276,0,"36319","01","AL"
3837,0,0,0,3837,0,"36320","01","AL"
1632,375,375,0,1257,0,"36321","01","AL"
9072,4460,0,4460,4612,0,"36322","01","AL"
8255,0,0,0,8255,0,"36323","01","AL"
35530,29118,0,29118,6412,0,"36330","01","AL"
5490,2654,0,2654,2836,0,"36340","01","AL"
1579,0,0,0,1579,0,"36343","01","AL"
5732,0,0,0,5732,0,"36344","01","AL"
7822,2139,0,2139,5683,0,"36345","01","AL"
1456,0,0,0,1456,0,"36346","01","AL"
6540,2736,2736,0,3804,0,"36350","01","AL"
3146,0,0,0,3146,0,"36351","01","AL"
4885,0,0,0,4885,0,"36352","01","AL"
1968,0,0,0,1968,0,"36353","01","AL"
20157,12066,0,12066,8091,0,"36360","01","AL"
4637,2849,0,2849,1788,0,"36362","01","AL"
972,0,0,0,972,0,"36370","01","AL"
720,266,266,0,454,0,"36371","01","AL"
581,0,0,0,581,0,"36373","01","AL"
970,0,0,0,970,0,"36374","01","AL"
7390,0,0,0,7390,0,"36375","01","AL"
2445,0,0,0,2445,0,"36376","01","AL"
8314,2520,0,2520,5794,0,"36401","01","AL"
10673,5604,0,5604,5069,0,"36420","01","AL"
9241,1051,0,1051,8190,0,"36421","01","AL"
1008,0,0,0,1008,0,"36425","01","AL"
16202,6866,0,6866,9336,0,"36426","01","AL"
2420,0,0,0,2420,0,"36432","01","AL"
579,0,0,0,579,0,"36435","01","AL"
531,0,0,0,531,0,"36436","01","AL"
583,0,0,0,583,0,"36439","01","AL"
3576,551,0,551,3025,0,"36441","01","AL"
3555,0,0,0,3555,0,"36442","01","AL"
702,0,0,0,702,0,"36444","01","AL"
5050,0,0,0,5050,0,"36445","01","AL"
490,0,0,0,490,0,"36446","01","AL"
4977,0,0,0,4977,0,"36451","01","AL"
2198,0,0,0,2198,0,"36453","01","AL"
51,0,0,0,51,0,"36454","01","AL"
465,0,0,0,465,0,"36455","01","AL"
1820,0,0,0,1820,0,"36456","01","AL"
10738,4834,0,4834,5904,0,"36460","01","AL"
10058,4806,0,4806,5252,0,"36467","01","AL"
98,0,0,0,98,0,"36470","01","AL"
1257,0,0,0,1257,0,"36471","01","AL"
106,0,0,0,106,0,"36473","01","AL"
2926,0,0,0,2926,0,"36474","01","AL"
2208,0,0,0,2208,0,"36475","01","AL"
51,0,0,0,51,0,"36476","01","AL"
4946,0,0,0,4946,0,"36477","01","AL"
1773,0,0,0,1773,0,"36480","01","AL"
593,0,0,0,593,0,"36481","01","AL"
1090,0,0,0,1090,0,"36482","01","AL"
536,0,0,0,536,0,"36483","01","AL"
18355,6565,0,6565,11790,0,"36502","01","AL"
1481,161,161,0,1320,0,"36505","01","AL"
19090,7486,0,7486,11604,0,"36507","01","AL"
1983,1709,1709,0,274,0,"36509","01","AL"
764,0,0,0,764,0,"36511","01","AL"
46,0,0,0,46,0,"36512","01","AL"
555,0,0,0,555,0,"36513","01","AL"
2842,0,0,0,2842,0,"36518","01","AL"
5431,0,0,0,5431,0,"36521","01","AL"
7183,0,0,0,7183,0,"36522","01","AL"
2818,643,643,0,2175,0,"36523","01","AL"
1232,0,0,0,1232,0,"36524","01","AL"
1935,775,775,0,1160,0,"36525","01","AL"
27890,25148,25148,0,2742,0,"36526","01","AL"
12109,10352,10352,0,1757,0,"36527","01","AL"
1237,0,0,0,1237,0,"36528","01","AL"
478,0,0,0,478,0,"36529","01","AL"
6873,0,0,0,6873,0,"36530","01","AL"
27829,18531,18531,0,9298,0,"36532","01","AL"
26767,17774,0,17774,8993,0,"36535","01","AL"
374,0,0,0,374,0,"36538","01","AL"
802,0,0,0,802,0,"36539","01","AL"
691,0,0,0,691,0,"36540","01","AL"
15647,4795,668,4127,10852,0,"36541","01","AL"
12705,8695,0,8695,4010,0,"36542","01","AL"
66,0,0,0,66,0,"36543","01","AL"
12476,6809,6809,0,5667,0,"36544","01","AL"
9941,2920,0,2920,7021,0,"36545","01","AL"
1136,0,0,0,1136,0,"36548","01","AL"
4271,2204,2204,0,2067,0,"36549","01","AL"
217,0,0,0,217,0,"36550","01","AL"
8258,4729,3119,1610,3529,0,"36551","01","AL"
3575,0,0,0,3575,0,"36553","01","AL"
654,0,0,0,654,0,"36555","01","AL"
308,0,0,0,308,0,"36556","01","AL"
3854,0,0,0,3854,0,"36558","01","AL"
233,233,233,0,0,0,"36559","01","AL"
3690,0,0,0,3690,0,"36560","01","AL"
5808,4062,4062,0,1746,0,"36561","01","AL"
1596,0,0,0,1596,0,"36562","01","AL"
107,0,0,0,107,0,"36564","01","AL"
12672,5373,0,5373,7299,0,"36567","01","AL"
162,0,0,0,162,0,"36568","01","AL"
928,0,0,0,928,0,"36569","01","AL"
14423,11871,11871,0,2552,0,"36571","01","AL"
6340,5949,5949,0,391,0,"36572","01","AL"
1341,0,0,0,1341,0,"36574","01","AL"
18345,12089,12089,0,6256,0,"36575","01","AL"
4143,618,0,618,3525,0,"36576","01","AL"
1749,0,0,0,1749,0,"36578","01","AL"
1590,0,0,0,1590,0,"36579","01","AL"
5420,0,0,0,5420,0,"36580","01","AL"
224,0,0,0,224,0,"36581","01","AL"
24624,16652,16652,0,7972,0,"36582","01","AL"
639,0,0,0,639,0,"36583","01","AL"
772,0,0,0,772,0,"36584","01","AL"
972,0,0,0,972,0,"36585","01","AL"
12053,1838,1838,0,10215,0,"36587","01","AL"
20,0,0,0,20,0,"36590","01","AL"
1057,1057,1057,0,0,0,"36602","01","AL"
7922,7922,7922,0,0,0,"36603","01","AL"
10456,10456,10456,0,0,0,"36604","01","AL"
30111,29807,29807,0,304,0,"36605","01","AL"
18733,18733,18733,0,0,0,"36606","01","AL"
6852,6852,6852,0,0,0,"36607","01","AL"
36864,33393,33393,0,3471,0,"36608","01","AL"
25846,25846,25846,0,0,0,"36609","01","AL"
13209,13209,13209,0,0,0,"36610","01","AL"
6106,6074,6074,0,32,0,"36611","01","AL"
4541,4541,4541,0,0,0,"36612","01","AL"
12749,4399,4399,0,8350,0,"36613","01","AL"
391,391,391,0,0,0,"36615","01","AL"
27,27,27,0,0,0,"36616","01","AL"
13967,13967,13967,0,0,0,"36617","01","AL"
16737,16634,16634,0,103,0,"36618","01","AL"
14269,13738,13738,0,531,0,"36619","01","AL"
659,659,659,0,0,0,"36688","01","AL"
17847,17598,17598,0,249,0,"36693","01","AL"
45118,41716,41716,0,3402,0,"36695","01","AL"
24268,15300,0,15300,8968,0,"36701","01","AL"
13643,8521,0,8521,5122,0,"36703","01","AL"
784,0,0,0,784,0,"36720","01","AL"
472,0,0,0,472,0,"36722","01","AL"
230,0,0,0,230,0,"36723","01","AL"
4814,0,0,0,4814,0,"36726","01","AL"
61,0,0,0,61,0,"36727","01","AL"
461,0,0,0,461,0,"36728","01","AL"
8395,6388,0,6388,2007,0,"36732","01","AL"
1207,0,0,0,1207,0,"36736","01","AL"
952,0,0,0,952,0,"36738","01","AL"
1328,0,0,0,1328,0,"36740","01","AL"
2554,64,0,64,2490,0,"36742","01","AL"
7419,0,0,0,7419,0,"36744","01","AL"
3260,0,0,0,3260,0,"36748","01","AL"
1089,0,0,0,1089,0,"36749","01","AL"
2901,0,0,0,2901,0,"36750","01","AL"
945,0,0,0,945,0,"36751","01","AL"
1644,0,0,0,1644,0,"36752","01","AL"
85,0,0,0,85,0,"36753","01","AL"
344,0,0,0,344,0,"36754","01","AL"
6165,0,0,0,6165,0,"36756","01","AL"
1412,0,0,0,1412,0,"36758","01","AL"
1501,0,0,0,1501,0,"36759","01","AL"
1161,0,0,0,1161,0,"36761","01","AL"
139,0,0,0,139,0,"36763","01","AL"
1294,0,0,0,1294,0,"36765","01","AL"
25,0,0,0,25,0,"36766","01","AL"
2012,0,0,0,2012,0,"36767","01","AL"
1096,0,0,0,1096,0,"36768","01","AL"
3014,0,0,0,3014,0,"36769","01","AL"
512,0,0,0,512,0,"36773","01","AL"
800,0,0,0,800,0,"36775","01","AL"
1489,0,0,0,1489,0,"36776","01","AL"
2405,0,0,0,2405,0,"36782","01","AL"
945,0,0,0,945,0,"36783","01","AL"
7754,3285,0,3285,4469,0,"36784","01","AL"
1165,0,0,0,1165,0,"36785","01","AL"
3365,0,0,0,3365,0,"36786","01","AL"
139,0,0,0,139,0,"36790","01","AL"
1169,0,0,0,1169,0,"36792","01","AL"
568,0,0,0,568,0,"36793","01","AL"
22214,19619,19619,0,2595,0,"36801","01","AL"
16861,4148,4148,0,12713,0,"36804","01","AL"
33201,29217,29217,0,3984,0,"36830","01","AL"
22071,18106,18106,0,3965,0,"36832","01","AL"
3150,3150,3150,0,0,0,"36849","01","AL"
2630,0,0,0,2630,0,"36850","01","AL"
2129,0,0,0,2129,0,"36852","01","AL"
8269,0,0,0,8269,0,"36853","01","AL"
14576,9626,0,9626,4950,0,"36854","01","AL"
1551,0,0,0,1551,0,"36855","01","AL"
3719,46,46,0,3673,0,"36856","01","AL"
441,0,0,0,441,0,"36858","01","AL"
34,0,0,0,34,0,"36859","01","AL"
1580,0,0,0,1580,0,"36860","01","AL"
3264,0,0,0,3264,0,"36861","01","AL"
6623,0,0,0,6623,0,"36862","01","AL"
11672,7773,0,7773,3899,0,"36863","01","AL"
23,0,0,0,23,0,"36865","01","AL"
3955,0,0,0,3955,0,"36866","01","AL"
22210,22007,22007,0,203,0,"36867","01","AL"
18751,13273,13273,0,5478,0,"36869","01","AL"
18783,17398,17398,0,1385,0,"36870","01","AL"
1277,0,0,0,1277,0,"36871","01","AL"
7901,0,0,0,7901,0,"36874","01","AL"
4622,0,0,0,4622,0,"36875","01","AL"
11414,8540,8540,0,2874,0,"36877","01","AL"
2114,501,501,0,1613,0,"36879","01","AL"
329,0,0,0,329,0,"36901","01","AL"
4098,0,0,0,4098,0,"36904","01","AL"
1930,0,0,0,1930,0,"36907","01","AL"
2417,0,0,0,2417,0,"36908","01","AL"
35,0,0,0,35,0,"36910","01","AL"
2017,0,0,0,2017,0,"36912","01","AL"
53,0,0,0,53,0,"36913","01","AL"
627,0,0,0,627,0,"36915","01","AL"
709,0,0,0,709,0,"36916","01","AL"
2143,0,0,0,2143,0,"36919","01","AL"
1035,0,0,0,1035,0,"36921","01","AL"
656,0,0,0,656,0,"36922","01","AL"
3115,0,0,0,3115,0,"36925","01","AL"
51,0,0,0,51,0,"38852","01","AL"
17603,17603,17603,0,0,0,"99501","02","AK"
24168,24143,24143,0,25,0,"99502","02","AK"
14563,14553,14553,0,10,0,"99503","02","AK"
40914,40914,40914,0,0,0,"99504","02","AK"
6174,5927,5927,0,247,0,"99505","02","AK"
7749,7094,7094,0,655,0,"99506","02","AK"
37850,37437,37437,0,413,0,"99507","02","AK"
35857,35857,35857,0,0,0,"99508","02","AK"
353,0,0,0,353,0,"99510","02","AK"
0,0,0,0,0,0,"99513","02","AK"
22441,22284,22284,0,157,0,"99515","02","AK"
20095,18561,18561,0,1534,0,"99516","02","AK"
16645,16645,16645,0,0,0,"99517","02","AK"
10225,10225,10225,0,0,0,"99518","02","AK"
1316,0,0,0,1316,0,"99519","02","AK"
320,0,0,0,320,0,"99540","02","AK"
326,0,0,0,326,0,"99546","02","AK"
61,0,0,0,61,0,"99547","02","AK"
73,0,0,0,73,0,"99548","02","AK"
102,0,0,0,102,0,"99549","02","AK"
197,0,0,0,197,0,"99550","02","AK"
627,0,0,0,627,0,"99551","02","AK"
346,0,0,0,346,0,"99552","02","AK"
1027,0,0,0,1027,0,"99553","02","AK"
677,0,0,0,677,0,"99554","02","AK"
221,0,0,0,221,0,"99555","02","AK"
2510,0,0,0,2510,0,"99556","02","AK"
726,0,0,0,726,0,"99557","02","AK"
85,0,0,0,85,0,"99558","02","AK"
7632,4434,0,4434,3198,0,"99559","02","AK"
418,0,0,0,418,0,"99561","02","AK"
938,0,0,0,938,0,"99563","02","AK"
91,0,0,0,91,0,"99564","02","AK"
78,0,0,0,78,0,"99565","02","AK"
192,0,0,0,192,0,"99566","02","AK"
9211,7087,0,7087,2124,0,"99567","02","AK"
279,0,0,0,279,0,"99568","02","AK"
64,0,0,0,64,0,"99569","02","AK"
160,0,0,0,160,0,"99571","02","AK"
296,0,0,0,296,0,"99572","02","AK"
1115,0,0,0,1115,0,"99573","02","AK"
2348,0,0,0,2348,0,"99574","02","AK"
105,0,0,0,105,0,"99575","02","AK"
2603,0,0,0,2603,0,"99576","02","AK"
25771,21481,0,21481,4290,0,"99577","02","AK"
296,0,0,0,296,0,"99578","02","AK"
109,0,0,0,109,0,"99579","02","AK"
115,0,0,0,115,0,"99580","02","AK"
762,0,0,0,762,0,"99581","02","AK"
35,0,0,0,35,0,"99583","02","AK"
417,0,0,0,417,0,"99585","02","AK"
605,0,0,0,605,0,"99586","02","AK"
2250,0,0,0,2250,0,"99587","02","AK"
980,0,0,0,980,0,"99588","02","AK"
243,0,0,0,243,0,"99589","02","AK"
194,0,0,0,194,0,"99590","02","AK"
102,0,0,0,102,0,"99591","02","AK"
178,0,0,0,178,0,"99602","02","AK"
9840,0,0,0,9840,0,"99603","02","AK"
1093,0,0,0,1093,0,"99604","02","AK"
211,0,0,0,211,0,"99605","02","AK"
469,0,0,0,469,0,"99606","02","AK"
216,0,0,0,216,0,"99607","02","AK"
569,0,0,0,569,0,"99609","02","AK"
2167,0,0,0,2167,0,"99610","02","AK"
15122,4921,0,4921,10201,0,"99611","02","AK"
938,0,0,0,938,0,"99612","02","AK"
434,0,0,0,434,0,"99613","02","AK"
639,0,0,0,639,0,"99614","02","AK"
12899,9335,0,9335,3564,0,"99615","02","AK"
577,0,0,0,577,0,"99620","02","AK"
723,0,0,0,723,0,"99621","02","AK"
321,0,0,0,321,0,"99622","02","AK"
90,0,0,0,90,0,"99624","02","AK"
72,0,0,0,72,0,"99625","02","AK"
282,0,0,0,282,0,"99626","02","AK"
406,0,0,0,406,0,"99627","02","AK"
443,0,0,0,443,0,"99628","02","AK"
191,0,0,0,191,0,"99630","02","AK"
228,0,0,0,228,0,"99631","02","AK"
813,0,0,0,813,0,"99632","02","AK"
544,0,0,0,544,0,"99633","02","AK"
354,0,0,0,354,0,"99634","02","AK"
510,0,0,0,510,0,"99636","02","AK"
590,0,0,0,590,0,"99637","02","AK"
18,0,0,0,18,0,"99638","02","AK"
1131,0,0,0,1131,0,"99639","02","AK"
174,0,0,0,174,0,"99640","02","AK"
496,0,0,0,496,0,"99641","02","AK"
218,0,0,0,218,0,"99643","02","AK"
175,0,0,0,175,0,"99644","02","AK"
25176,13036,0,13036,12140,0,"99645","02","AK"
44,0,0,0,44,0,"99647","02","AK"
113,0,0,0,113,0,"99648","02","AK"
80,0,0,0,80,0,"99649","02","AK"
568,0,0,0,568,0,"99650","02","AK"
61,0,0,0,61,0,"99651","02","AK"
3703,0,0,0,3703,0,"99652","02","AK"
159,0,0,0,159,0,"99653","02","AK"
52168,31200,0,31200,20968,0,"99654","02","AK"
669,0,0,0,669,0,"99655","02","AK"
25,0,0,0,25,0,"99656","02","AK"
329,0,0,0,329,0,"99657","02","AK"
616,0,0,0,616,0,"99658","02","AK"
401,0,0,0,401,0,"99659","02","AK"
479,0,0,0,479,0,"99660","02","AK"
978,0,0,0,978,0,"99661","02","AK"
480,0,0,0,480,0,"99662","02","AK"
414,0,0,0,414,0,"99663","02","AK"
4932,0,0,0,4932,0,"99664","02","AK"
83,0,0,0,83,0,"99665","02","AK"
189,0,0,0,189,0,"99666","02","AK"
65,0,0,0,65,0,"99667","02","AK"
86,0,0,0,86,0,"99668","02","AK"
14191,6526,0,6526,7665,0,"99669","02","AK"
79,0,0,0,79,0,"99670","02","AK"
556,0,0,0,556,0,"99671","02","AK"
3704,0,0,0,3704,0,"99672","02","AK"
1444,0,0,0,1444,0,"99674","02","AK"
1546,0,0,0,1546,0,"99676","02","AK"
88,0,0,0,88,0,"99677","02","AK"
891,0,0,0,891,0,"99678","02","AK"
373,0,0,0,373,0,"99679","02","AK"
408,0,0,0,408,0,"99680","02","AK"
325,0,0,0,325,0,"99681","02","AK"
373,0,0,0,373,0,"99682","02","AK"
524,0,0,0,524,0,"99683","02","AK"
688,0,0,0,688,0,"99684","02","AK"
4224,0,0,0,4224,0,"99685","02","AK"
4005,0,0,0,4005,0,"99686","02","AK"
2759,0,0,0,2759,0,"99688","02","AK"
662,0,0,0,662,0,"99689","02","AK"
280,0,0,0,280,0,"99690","02","AK"
95,0,0,0,95,0,"99691","02","AK"
152,0,0,0,152,0,"99692","02","AK"
248,0,0,0,248,0,"99693","02","AK"
1512,0,0,0,1512,0,"99694","02","AK"
7,0,0,0,7,0,"99695","02","AK"
19019,18834,18834,0,185,0,"99701","02","AK"
2647,2305,0,2305,342,0,"99702","02","AK"
7065,7065,7065,0,0,0,"99703","02","AK"
24,0,0,0,24,0,"99704","02","AK"
22544,17564,16925,639,4980,0,"99705","02","AK"
13,0,0,0,13,0,"99706","02","AK"
29830,16642,16642,0,13188,0,"99709","02","AK"
13866,3796,3796,0,10070,0,"99712","02","AK"
1385,0,0,0,1385,0,"99714","02","AK"
208,0,0,0,208,0,"99720","02","AK"
324,0,0,0,324,0,"99721","02","AK"
152,0,0,0,152,0,"99722","02","AK"
4213,3835,0,3835,378,0,"99723","02","AK"
84,0,0,0,84,0,"99724","02","AK"
30,0,0,0,30,0,"99726","02","AK"
416,0,0,0,416,0,"99727","02","AK"
231,0,0,0,231,0,"99729","02","AK"
144,0,0,0,144,0,"99730","02","AK"
10,0,0,0,10,0,"99732","02","AK"
104,0,0,0,104,0,"99733","02","AK"
845,0,0,0,845,0,"99734","02","AK"
122,0,0,0,122,0,"99736","02","AK"
5011,0,0,0,5011,0,"99737","02","AK"
187,0,0,0,187,0,"99738","02","AK"
330,0,0,0,330,0,"99739","02","AK"
585,0,0,0,585,0,"99740","02","AK"
470,0,0,0,470,0,"99741","02","AK"
681,0,0,0,681,0,"99742","02","AK"
1069,0,0,0,1069,0,"99743","02","AK"
226,0,0,0,226,0,"99744","02","AK"
78,0,0,0,78,0,"99745","02","AK"
277,0,0,0,277,0,"99746","02","AK"
239,0,0,0,239,0,"99747","02","AK"
190,0,0,0,190,0,"99748","02","AK"
363,0,0,0,363,0,"99749","02","AK"
374,0,0,0,374,0,"99750","02","AK"
151,0,0,0,151,0,"99751","02","AK"
3553,3200,0,3200,353,0,"99752","02","AK"
332,0,0,0,332,0,"99753","02","AK"
96,0,0,0,96,0,"99754","02","AK"
217,0,0,0,217,0,"99755","02","AK"
119,0,0,0,119,0,"99756","02","AK"
17,0,0,0,17,0,"99757","02","AK"
210,0,0,0,210,0,"99758","02","AK"
189,0,0,0,189,0,"99759","02","AK"
785,0,0,0,785,0,"99760","02","AK"
514,0,0,0,514,0,"99761","02","AK"
4038,3222,0,3222,816,0,"99762","02","AK"
668,0,0,0,668,0,"99763","02","AK"
290,0,0,0,290,0,"99764","02","AK"
264,0,0,0,264,0,"99765","02","AK"
678,0,0,0,678,0,"99766","02","AK"
24,0,0,0,24,0,"99767","02","AK"
175,0,0,0,175,0,"99768","02","AK"
671,0,0,0,671,0,"99769","02","AK"
841,0,0,0,841,0,"99770","02","AK"
251,0,0,0,251,0,"99771","02","AK"
567,0,0,0,567,0,"99772","02","AK"
262,0,0,0,262,0,"99773","02","AK"
78,0,0,0,78,0,"99774","02","AK"
1251,1251,1251,0,0,0,"99775","02","AK"
124,0,0,0,124,0,"99776","02","AK"
246,0,0,0,246,0,"99777","02","AK"
254,0,0,0,254,0,"99778","02","AK"
1535,0,0,0,1535,0,"99780","02","AK"
167,0,0,0,167,0,"99781","02","AK"
556,0,0,0,556,0,"99782","02","AK"
145,0,0,0,145,0,"99783","02","AK"
190,0,0,0,190,0,"99784","02","AK"
388,0,0,0,388,0,"99785","02","AK"
259,0,0,0,259,0,"99786","02","AK"
69,0,0,0,69,0,"99788","02","AK"
402,0,0,0,402,0,"99789","02","AK"
20,0,0,0,20,0,"99790","02","AK"
237,0,0,0,237,0,"99791","02","AK"
29164,22591,0,22591,6573,0,"99801","02","AK"
479,0,0,0,479,0,"99820","02","AK"
2111,1946,0,1946,165,0,"99824","02","AK"
120,0,0,0,120,0,"99825","02","AK"
442,0,0,0,442,0,"99826","02","AK"
2602,0,0,0,2602,0,"99827","02","AK"
777,0,0,0,777,0,"99829","02","AK"
561,0,0,0,561,0,"99830","02","AK"
104,0,0,0,104,0,"99832","02","AK"
3202,0,0,0,3202,0,"99833","02","AK"
8880,7027,0,7027,1853,0,"99835","02","AK"
52,0,0,0,52,0,"99836","02","AK"
968,0,0,0,968,0,"99840","02","AK"
133,0,0,0,133,0,"99841","02","AK"
13508,10352,0,10352,3156,0,"99901","02","AK"
31,0,0,0,31,0,"99903","02","AK"
231,0,0,0,231,0,"99918","02","AK"
531,0,0,0,531,0,"99919","02","AK"
1920,0,0,0,1920,0,"99921","02","AK"
384,0,0,0,384,0,"99922","02","AK"
87,0,0,0,87,0,"99923","02","AK"
819,0,0,0,819,0,"99925","02","AK"
1460,0,0,0,1460,0,"99926","02","AK"
94,0,0,0,94,0,"99927","02","AK"
2338,0,0,0,2338,0,"99929","02","AK"
20,0,0,0,20,0,"84531","04","AZ"
280,0,0,0,280,0,"84536","04","AZ"
9369,9369,9369,0,0,0,"85003","04","AZ"
4965,4965,4965,0,0,0,"85004","04","AZ"
25742,25742,25742,0,0,0,"85006","04","AZ"
14040,14040,14040,0,0,0,"85007","04","AZ"
56145,56145,56145,0,0,0,"85008","04","AZ"
52520,52520,52520,0,0,0,"85009","04","AZ"
6390,6390,6390,0,0,0,"85012","04","AZ"
19314,19314,19314,0,0,0,"85013","04","AZ"
24782,24782,24782,0,0,0,"85014","04","AZ"
37644,37644,37644,0,0,0,"85015","04","AZ"
33896,33896,33896,0,0,0,"85016","04","AZ"
38872,38872,38872,0,0,0,"85017","04","AZ"
36065,36065,36065,0,0,0,"85018","04","AZ"
25042,25042,25042,0,0,0,"85019","04","AZ"
32850,32850,32850,0,0,0,"85020","04","AZ"
37743,37743,37743,0,0,0,"85021","04","AZ"
46395,46395,46395,0,0,0,"85022","04","AZ"
31274,31274,31274,0,0,0,"85023","04","AZ"
22898,22898,22898,0,0,0,"85024","04","AZ"
37140,37136,37136,0,4,0,"85027","04","AZ"
19157,19157,19157,0,0,0,"85028","04","AZ"
43233,43233,43233,0,0,0,"85029","04","AZ"
30493,30493,30493,0,0,0,"85031","04","AZ"
65485,65485,65485,0,0,0,"85032","04","AZ"
53037,53037,53037,0,0,0,"85033","04","AZ"
5582,5582,5582,0,0,0,"85034","04","AZ"
47486,47486,47486,0,0,0,"85035","04","AZ"
44771,44771,44771,0,0,0,"85037","04","AZ"
29352,29352,29352,0,0,0,"85040","04","AZ"
54947,54947,54947,0,0,0,"85041","04","AZ"
40962,40894,40894,0,68,0,"85042","04","AZ"
30560,30560,30560,0,0,0,"85043","04","AZ"
37993,37937,37937,0,56,0,"85044","04","AZ"
7238,7238,7238,0,0,0,"85045","04","AZ"
33449,33309,33309,0,140,0,"85048","04","AZ"
25736,25295,25295,0,441,0,"85050","04","AZ"
40375,40375,40375,0,0,0,"85051","04","AZ"
28480,28480,28480,0,0,0,"85053","04","AZ"
5384,5235,5235,0,149,0,"85054","04","AZ"
18104,18104,18104,0,0,0,"85083","04","AZ"
17517,15189,15189,0,2328,0,"85085","04","AZ"
40495,37653,37653,0,2842,0,"85086","04","AZ"
7708,1679,1679,0,6029,0,"85087","04","AZ"
12246,8976,8976,0,3270,0,"85118","04","AZ"
21219,20622,20622,0,597,0,"85119","04","AZ"
28168,28127,28127,0,41,0,"85120","04","AZ"
2178,0,0,0,2178,0,"85121","04","AZ"
50942,49693,49693,0,1249,0,"85122","04","AZ"
10677,10410,0,10410,267,0,"85123","04","AZ"
14823,10919,0,10919,3904,0,"85128","04","AZ"
18017,6963,0,6963,11054,0,"85131","04","AZ"
33556,19808,3222,16586,13748,0,"85132","04","AZ"
630,0,0,0,630,0,"85135","04","AZ"
2329,0,0,0,2329,0,"85137","04","AZ"
33633,30762,0,30762,2871,0,"85138","04","AZ"
17979,11575,0,11575,6404,0,"85139","04","AZ"
36711,35271,35271,0,1440,0,"85140","04","AZ"
515,0,0,0,515,0,"85141","04","AZ"
48870,46512,46512,0,2358,0,"85142","04","AZ"
35015,33236,33236,0,1779,0,"85143","04","AZ"
2106,0,0,0,2106,0,"85145","04","AZ"
4543,0,0,0,4543,0,"85147","04","AZ"
1368,0,0,0,1368,0,"85172","04","AZ"
2872,2782,0,2782,90,0,"85173","04","AZ"
2120,0,0,0,2120,0,"85192","04","AZ"
4906,121,0,121,4785,0,"85193","04","AZ"
6721,1638,1638,0,5083,0,"85194","04","AZ"
46092,46092,46092,0,0,0,"85201","04","AZ"
37275,37275,37275,0,0,0,"85202","04","AZ"
35541,35128,35128,0,413,0,"85203","04","AZ"
60885,60885,60885,0,0,0,"85204","04","AZ"
39858,39858,39858,0,0,0,"85205","04","AZ"
33154,33154,33154,0,0,0,"85206","04","AZ"
44744,44593,44593,0,151,0,"85207","04","AZ"
34762,34762,34762,0,0,0,"85208","04","AZ"
37377,37377,37377,0,0,0,"85209","04","AZ"
36464,36464,36464,0,0,0,"85210","04","AZ"
24492,24002,24002,0,490,0,"85212","04","AZ"
31797,31771,31771,0,26,0,"85213","04","AZ"
15963,15622,15622,0,341,0,"85215","04","AZ"
42796,42796,42796,0,0,0,"85224","04","AZ"
69810,69810,69810,0,0,0,"85225","04","AZ"
37376,37226,37226,0,150,0,"85226","04","AZ"
37564,37564,37564,0,0,0,"85233","04","AZ"
50014,50014,50014,0,0,0,"85234","04","AZ"
29821,29211,29211,0,610,0,"85248","04","AZ"
36908,36891,36891,0,17,0,"85249","04","AZ"
15906,15906,15906,0,0,0,"85250","04","AZ"
34390,34390,34390,0,0,0,"85251","04","AZ"
17047,17047,17047,0,0,0,"85253","04","AZ"
45801,45801,45801,0,0,0,"85254","04","AZ"
37270,34836,34836,0,2434,0,"85255","04","AZ"
4974,2380,2380,0,2594,0,"85256","04","AZ"
26755,26755,26755,0,0,0,"85257","04","AZ"
23342,23342,23342,0,0,0,"85258","04","AZ"
21422,20567,20567,0,855,0,"85259","04","AZ"
36056,36056,36056,0,0,0,"85260","04","AZ"
11275,5552,5552,0,5723,0,"85262","04","AZ"
2111,0,0,0,2111,0,"85263","04","AZ"
1249,0,0,0,1249,0,"85264","04","AZ"
11406,10600,10600,0,806,0,"85266","04","AZ"
22684,22278,22278,0,406,0,"85268","04","AZ"
57348,57348,57348,0,0,0,"85281","04","AZ"
48671,48671,48671,0,0,0,"85282","04","AZ"
44813,44813,44813,0,0,0,"85283","04","AZ"
16479,16479,16479,0,0,0,"85284","04","AZ"
38930,38910,38910,0,20,0,"85286","04","AZ"
38332,38332,38332,0,0,0,"85295","04","AZ"
36799,36799,36799,0,0,0,"85296","04","AZ"
26979,26900,26900,0,79,0,"85297","04","AZ"
21479,21409,21409,0,70,0,"85298","04","AZ"
60161,60161,60161,0,0,0,"85301","04","AZ"
36909,36909,36909,0,0,0,"85302","04","AZ"
30310,30310,30310,0,0,0,"85303","04","AZ"
25883,25883,25883,0,0,0,"85304","04","AZ"
10822,10822,10822,0,0,0,"85305","04","AZ"
24191,24191,24191,0,0,0,"85306","04","AZ"
9230,9176,9176,0,54,0,"85307","04","AZ"
63876,63876,63876,0,0,0,"85308","04","AZ"
1485,1485,1485,0,0,0,"85309","04","AZ"
19007,19007,19007,0,0,0,"85310","04","AZ"
1197,0,0,0,1197,0,"85320","04","AZ"
4435,3076,0,3076,1359,0,"85321","04","AZ"
752,0,0,0,752,0,"85322","04","AZ"
39507,39447,39447,0,60,0,"85323","04","AZ"
2886,0,0,0,2886,0,"85324","04","AZ"
1212,0,0,0,1212,0,"85325","04","AZ"
51705,41195,18691,22504,10510,0,"85326","04","AZ"
259,0,0,0,259,0,"85328","04","AZ"
26960,23454,23454,0,3506,0,"85331","04","AZ"
2146,0,0,0,2146,0,"85332","04","AZ"
790,0,0,0,790,0,"85333","04","AZ"
1482,931,0,931,551,0,"85334","04","AZ"
31787,31763,31763,0,24,0,"85335","04","AZ"
700,0,0,0,700,0,"85336","04","AZ"
2793,0,0,0,2793,0,"85337","04","AZ"
41115,39395,31367,8028,1720,0,"85338","04","AZ"
35586,32775,32775,0,2811,0,"85339","04","AZ"
26262,25790,25790,0,472,0,"85340","04","AZ"
39,0,0,0,39,0,"85341","04","AZ"
1578,0,0,0,1578,0,"85342","04","AZ"
196,0,0,0,196,0,"85343","04","AZ"
9147,4675,0,4675,4472,0,"85344","04","AZ"
56208,56208,56208,0,0,0,"85345","04","AZ"
4423,3342,0,3342,1081,0,"85346","04","AZ"
716,0,0,0,716,0,"85347","04","AZ"
2786,0,0,0,2786,0,"85348","04","AZ"
25517,24091,0,24091,1426,0,"85349","04","AZ"
21214,16988,0,16988,4226,0,"85350","04","AZ"
27789,27789,27789,0,0,0,"85351","04","AZ"
461,0,0,0,461,0,"85352","04","AZ"
31011,30609,30609,0,402,0,"85353","04","AZ"
6645,0,0,0,6645,0,"85354","04","AZ"
8745,8268,8268,0,477,0,"85355","04","AZ"
4539,0,0,0,4539,0,"85356","04","AZ"
761,0,0,0,761,0,"85357","04","AZ"
222,0,0,0,222,0,"85360","04","AZ"
6700,0,0,0,6700,0,"85361","04","AZ"
663,0,0,0,663,0,"85362","04","AZ"
6156,6156,6156,0,0,0,"85363","04","AZ"
74904,74231,74231,0,673,0,"85364","04","AZ"
46558,40179,40179,0,6379,0,"85365","04","AZ"
20429,19846,19846,0,583,0,"85367","04","AZ"
419,0,0,0,419,0,"85371","04","AZ"
17356,17065,17065,0,291,0,"85373","04","AZ"
47146,47146,47146,0,0,0,"85374","04","AZ"
27703,26622,26622,0,1081,0,"85375","04","AZ"
3051,2548,2548,0,503,0,"85377","04","AZ"
39732,39540,39540,0,192,0,"85379","04","AZ"
24249,24249,24249,0,0,0,"85381","04","AZ"
40454,40454,40454,0,0,0,"85382","04","AZ"
37182,35329,28714,6615,1853,0,"85383","04","AZ"
9573,4976,4976,0,4597,0,"85387","04","AZ"
23490,23450,23450,0,40,0,"85388","04","AZ"
8621,3624,0,3624,4997,0,"85390","04","AZ"
35310,35310,35310,0,0,0,"85392","04","AZ"
25922,25809,25809,0,113,0,"85395","04","AZ"
12163,5930,5930,0,6233,0,"85396","04","AZ"
13345,9383,0,9383,3962,0,"85501","04","AZ"
2069,0,0,0,2069,0,"85530","04","AZ"
623,473,0,473,150,0,"85531","04","AZ"
2943,1652,0,1652,1291,0,"85533","04","AZ"
2588,0,0,0,2588,0,"85534","04","AZ"
21,0,0,0,21,0,"85535","04","AZ"
408,0,0,0,408,0,"85536","04","AZ"
4520,4132,0,4132,388,0,"85539","04","AZ"
2874,2856,0,2856,18,0,"85540","04","AZ"
21877,14210,0,14210,7667,0,"85541","04","AZ"
3196,952,0,952,2244,0,"85542","04","AZ"
3822,2105,0,2105,1717,0,"85543","04","AZ"
2949,0,0,0,2949,0,"85544","04","AZ"
583,0,0,0,583,0,"85545","04","AZ"
19677,10467,0,10467,9210,0,"85546","04","AZ"
4790,3041,0,3041,1749,0,"85550","04","AZ"
405,399,0,399,6,0,"85551","04","AZ"
6218,5707,0,5707,511,0,"85552","04","AZ"
1501,0,0,0,1501,0,"85553","04","AZ"
778,0,0,0,778,0,"85554","04","AZ"
698,0,0,0,698,0,"85601","04","AZ"
9464,4036,0,4036,5428,0,"85602","04","AZ"
7155,5541,0,5541,1614,0,"85603","04","AZ"
597,0,0,0,597,0,"85605","04","AZ"
1184,0,0,0,1184,0,"85606","04","AZ"
18925,16689,0,16689,2236,0,"85607","04","AZ"
2305,0,0,0,2305,0,"85608","04","AZ"
392,0,0,0,392,0,"85609","04","AZ"
1333,0,0,0,1333,0,"85610","04","AZ"
965,0,0,0,965,0,"85611","04","AZ"
5601,5439,5439,0,162,0,"85613","04","AZ"
21895,18449,0,18449,3446,0,"85614","04","AZ"
9413,2386,2386,0,7027,0,"85615","04","AZ"
5566,0,0,0,5566,0,"85616","04","AZ"
1277,0,0,0,1277,0,"85617","04","AZ"
1725,0,0,0,1725,0,"85618","04","AZ"
50,0,0,0,50,0,"85619","04","AZ"
897,0,0,0,897,0,"85620","04","AZ"
23054,20563,0,20563,2491,0,"85621","04","AZ"
6325,4580,0,4580,1745,0,"85622","04","AZ"
4073,0,0,0,4073,0,"85623","04","AZ"
1426,0,0,0,1426,0,"85624","04","AZ"
1983,0,0,0,1983,0,"85625","04","AZ"
1021,984,0,984,37,0,"85626","04","AZ"
968,0,0,0,968,0,"85627","04","AZ"
23568,17662,0,17662,5906,0,"85629","04","AZ"
2819,0,0,0,2819,0,"85630","04","AZ"
3630,3185,0,3185,445,0,"85631","04","AZ"
835,0,0,0,835,0,"85632","04","AZ"
54,0,0,0,54,0,"85633","04","AZ"
6490,0,0,0,6490,0,"85634","04","AZ"
34727,32331,32331,0,2396,0,"85635","04","AZ"
1268,0,0,0,1268,0,"85637","04","AZ"
1973,0,0,0,1973,0,"85638","04","AZ"
441,0,0,0,441,0,"85640","04","AZ"
21753,14356,0,14356,7397,0,"85641","04","AZ"
9810,3671,0,3671,6139,0,"85643","04","AZ"
2231,0,0,0,2231,0,"85645","04","AZ"
1311,0,0,0,1311,0,"85646","04","AZ"
19080,14109,0,14109,4971,0,"85648","04","AZ"
15279,12589,12589,0,2690,0,"85650","04","AZ"
15083,9456,347,9109,5627,0,"85653","04","AZ"
97,0,0,0,97,0,"85654","04","AZ"
7790,3718,3502,216,4072,0,"85658","04","AZ"
4983,4983,4983,0,0,0,"85701","04","AZ"
30929,30929,30929,0,0,0,"85704","04","AZ"
57521,57521,57521,0,0,0,"85705","04","AZ"
55209,55209,55209,0,0,0,"85706","04","AZ"
658,658,658,0,0,0,"85707","04","AZ"
2980,2980,2980,0,0,0,"85708","04","AZ"
54439,54439,54439,0,0,0,"85710","04","AZ"
41251,41251,41251,0,0,0,"85711","04","AZ"
32666,32666,32666,0,0,0,"85712","04","AZ"
50151,49863,49863,0,288,0,"85713","04","AZ"
15009,15009,15009,0,0,0,"85714","04","AZ"
17702,17702,17702,0,0,0,"85715","04","AZ"
32853,32853,32853,0,0,0,"85716","04","AZ"
27367,27163,27163,0,204,0,"85718","04","AZ"
43989,43989,43989,0,0,0,"85719","04","AZ"
0,0,0,0,0,0,"85723","04","AZ"
0,0,0,0,0,0,"85724","04","AZ"
0,0,0,0,0,0,"85726","04","AZ"
38323,37357,37357,0,966,0,"85730","04","AZ"
11250,7997,7997,0,3253,0,"85735","04","AZ"
4975,0,0,0,4975,0,"85736","04","AZ"
20727,20685,20685,0,42,0,"85737","04","AZ"
17848,15330,15330,0,2518,0,"85739","04","AZ"
32998,32998,32998,0,0,0,"85741","04","AZ"
25212,23908,23908,0,1304,0,"85742","04","AZ"
29144,23361,19016,4345,5783,0,"85743","04","AZ"
37006,33102,33102,0,3904,0,"85745","04","AZ"
43057,41820,41820,0,1237,0,"85746","04","AZ"
23058,19558,19281,277,3500,0,"85747","04","AZ"
18087,16615,16615,0,1472,0,"85748","04","AZ"
19032,16359,16359,0,2673,0,"85749","04","AZ"
24161,23572,23572,0,589,0,"85750","04","AZ"
15107,13362,13362,0,1745,0,"85755","04","AZ"
35703,34069,34069,0,1634,0,"85756","04","AZ"
16988,16633,16633,0,355,0,"85757","04","AZ"
17207,9144,0,9144,8063,0,"85901","04","AZ"
1800,0,0,0,1800,0,"85911","04","AZ"
178,0,0,0,178,0,"85912","04","AZ"
464,0,0,0,464,0,"85920","04","AZ"
41,0,0,0,41,0,"85922","04","AZ"
621,0,0,0,621,0,"85923","04","AZ"
2683,0,0,0,2683,0,"85924","04","AZ"
4893,4163,0,4163,730,0,"85925","04","AZ"
265,118,0,118,147,0,"85926","04","AZ"
176,0,0,0,176,0,"85927","04","AZ"
1102,0,0,0,1102,0,"85928","04","AZ"
8322,6795,0,6795,1527,0,"85929","04","AZ"
1086,0,0,0,1086,0,"85930","04","AZ"
207,0,0,0,207,0,"85931","04","AZ"
364,0,0,0,364,0,"85932","04","AZ"
3033,0,0,0,3033,0,"85933","04","AZ"
574,0,0,0,574,0,"85934","04","AZ"
4735,3275,0,3275,1460,0,"85935","04","AZ"
4293,2550,0,2550,1743,0,"85936","04","AZ"
7638,3832,0,3832,3806,0,"85937","04","AZ"
2366,1932,0,1932,434,0,"85938","04","AZ"
4400,2447,0,2447,1953,0,"85939","04","AZ"
1443,0,0,0,1443,0,"85940","04","AZ"
9941,6070,0,6070,3871,0,"85941","04","AZ"
80,0,0,0,80,0,"85942","04","AZ"
40776,36157,36157,0,4619,0,"86001","04","AZ"
23,0,0,0,23,0,"86003","04","AZ"
37338,29438,29438,0,7900,0,"86004","04","AZ"
6362,6362,6362,0,0,0,"86011","04","AZ"
385,0,0,0,385,0,"86015","04","AZ"
62,0,0,0,62,0,"86016","04","AZ"
667,0,0,0,667,0,"86017","04","AZ"
759,0,0,0,759,0,"86018","04","AZ"
1941,0,0,0,1941,0,"86020","04","AZ"
6085,5836,0,5836,249,0,"86021","04","AZ"
2210,0,0,0,2210,0,"86022","04","AZ"
2627,0,0,0,2627,0,"86023","04","AZ"
703,0,0,0,703,0,"86024","04","AZ"
5676,3800,0,3800,1876,0,"86025","04","AZ"
47,0,0,0,47,0,"86028","04","AZ"
320,0,0,0,320,0,"86029","04","AZ"
1374,0,0,0,1374,0,"86030","04","AZ"
1856,0,0,0,1856,0,"86031","04","AZ"
1509,0,0,0,1509,0,"86032","04","AZ"
7844,4688,0,4688,3156,0,"86033","04","AZ"
2271,0,0,0,2271,0,"86034","04","AZ"
1802,0,0,0,1802,0,"86035","04","AZ"
388,0,0,0,388,0,"86036","04","AZ"
77,0,0,0,77,0,"86038","04","AZ"
1467,0,0,0,1467,0,"86039","04","AZ"
10283,6665,0,6665,3618,0,"86040","04","AZ"
1778,0,0,0,1778,0,"86042","04","AZ"
1798,0,0,0,1798,0,"86043","04","AZ"
3825,0,0,0,3825,0,"86044","04","AZ"
11354,8858,0,8858,2496,0,"86045","04","AZ"
6090,2639,0,2639,3451,0,"86046","04","AZ"
14970,9765,0,9765,5205,0,"86047","04","AZ"
28,0,0,0,28,0,"86052","04","AZ"
2311,0,0,0,2311,0,"86053","04","AZ"
1935,0,0,0,1935,0,"86054","04","AZ"
20626,18485,18485,0,2141,0,"86301","04","AZ"
17082,14039,14039,0,3043,0,"86303","04","AZ"
17356,8958,8958,0,8398,0,"86305","04","AZ"
257,257,257,0,0,0,"86313","04","AZ"
34401,33615,33615,0,786,0,"86314","04","AZ"
7234,4751,4751,0,2483,0,"86315","04","AZ"
1885,0,0,0,1885,0,"86320","04","AZ"
2219,0,0,0,2219,0,"86321","04","AZ"
11480,5305,0,5305,6175,0,"86322","04","AZ"
15822,10783,0,10783,5039,0,"86323","04","AZ"
4168,3197,0,3197,971,0,"86324","04","AZ"
5152,1059,0,1059,4093,0,"86325","04","AZ"
23344,22394,0,22394,950,0,"86326","04","AZ"
8858,4639,4639,0,4219,0,"86327","04","AZ"
1179,0,0,0,1179,0,"86329","04","AZ"
477,0,0,0,477,0,"86331","04","AZ"
1637,0,0,0,1637,0,"86332","04","AZ"
5734,0,0,0,5734,0,"86333","04","AZ"
4985,0,0,0,4985,0,"86334","04","AZ"
4806,3429,0,3429,1377,0,"86335","04","AZ"
11320,6761,0,6761,4559,0,"86336","04","AZ"
1267,0,0,0,1267,0,"86337","04","AZ"
743,0,0,0,743,0,"86338","04","AZ"
177,0,0,0,177,0,"86343","04","AZ"
6349,5309,0,5309,1040,0,"86351","04","AZ"
24289,18705,0,18705,5584,0,"86401","04","AZ"
15802,15440,15440,0,362,0,"86403","04","AZ"
16243,14915,14915,0,1328,0,"86404","04","AZ"
23763,23072,23072,0,691,0,"86406","04","AZ"
26471,23402,0,23402,3069,0,"86409","04","AZ"
224,0,0,0,224,0,"86411","04","AZ"
12103,0,0,0,12103,0,"86413","04","AZ"
13863,13477,0,13477,386,0,"86426","04","AZ"
7162,4277,0,4277,2885,0,"86429","04","AZ"
403,0,0,0,403,0,"86431","04","AZ"
3933,413,0,413,3520,0,"86432","04","AZ"
111,0,0,0,111,0,"86433","04","AZ"
1490,0,0,0,1490,0,"86434","04","AZ"
487,0,0,0,487,0,"86435","04","AZ"
2104,0,0,0,2104,0,"86436","04","AZ"
76,0,0,0,76,0,"86437","04","AZ"
913,0,0,0,913,0,"86438","04","AZ"
6906,3957,0,3957,2949,0,"86440","04","AZ"
2224,0,0,0,2224,0,"86441","04","AZ"
33382,30722,0,30722,2660,0,"86442","04","AZ"
76,0,0,0,76,0,"86443","04","AZ"
1289,0,0,0,1289,0,"86444","04","AZ"
311,0,0,0,311,0,"86445","04","AZ"
1464,0,0,0,1464,0,"86502","04","AZ"
10714,3407,0,3407,7307,0,"86503","04","AZ"
5835,3181,0,3181,2654,0,"86504","04","AZ"
7682,0,0,0,7682,0,"86505","04","AZ"
1321,0,0,0,1321,0,"86506","04","AZ"
2340,0,0,0,2340,0,"86507","04","AZ"
752,0,0,0,752,0,"86508","04","AZ"
5358,0,0,0,5358,0,"86510","04","AZ"
3694,942,0,942,2752,0,"86511","04","AZ"
2439,0,0,0,2439,0,"86512","04","AZ"
3011,0,0,0,3011,0,"86514","04","AZ"
2894,2376,0,2376,518,0,"86515","04","AZ"
1793,0,0,0,1793,0,"86520","04","AZ"
1199,0,0,0,1199,0,"86535","04","AZ"
2338,0,0,0,2338,0,"86538","04","AZ"
1088,0,0,0,1088,0,"86540","04","AZ"
1267,0,0,0,1267,0,"86544","04","AZ"
1650,0,0,0,1650,0,"86545","04","AZ"
1171,0,0,0,1171,0,"86547","04","AZ"
2090,0,0,0,2090,0,"86556","04","AZ"
185,0,0,0,185,0,"87328","04","AZ"
2,0,0,0,2,0,"38769","05","AR"
36,0,0,0,36,0,"65729","05","AR"
217,0,0,0,217,0,"65733","05","AR"
93,0,0,0,93,0,"65761","05","AR"
17327,16235,16235,0,1092,0,"71601","05","AR"
17982,11837,11837,0,6145,0,"71602","05","AR"
34343,25423,25423,0,8920,0,"71603","05","AR"
405,0,0,0,405,0,"71630","05","AR"
673,0,0,0,673,0,"71631","05","AR"
12348,7835,0,7835,4513,0,"71635","05","AR"
3794,2816,0,2816,978,0,"71638","05","AR"
6579,5023,0,5023,1556,0,"71639","05","AR"
3227,0,0,0,3227,0,"71640","05","AR"
648,0,0,0,648,0,"71642","05","AR"
1109,0,0,0,1109,0,"71643","05","AR"
4264,0,0,0,4264,0,"71644","05","AR"
6756,2724,0,2724,4032,0,"71646","05","AR"
2111,0,0,0,2111,0,"71647","05","AR"
150,0,0,0,150,0,"71651","05","AR"
1159,0,0,0,1159,0,"71652","05","AR"
5152,2586,0,2586,2566,0,"71653","05","AR"
4671,3898,0,3898,773,0,"71654","05","AR"
15387,9505,0,9505,5882,0,"71655","05","AR"
728,0,0,0,728,0,"71658","05","AR"
104,0,0,0,104,0,"71659","05","AR"
963,0,0,0,963,0,"71660","05","AR"
450,0,0,0,450,0,"71661","05","AR"
82,0,0,0,82,0,"71662","05","AR"
732,0,0,0,732,0,"71663","05","AR"
6054,0,0,0,6054,0,"71665","05","AR"
79,0,0,0,79,0,"71666","05","AR"
8267,0,0,0,8267,0,"71667","05","AR"
1403,0,0,0,1403,0,"71670","05","AR"
8665,5801,0,5801,2864,0,"71671","05","AR"
738,0,0,0,738,0,"71674","05","AR"
1824,0,0,0,1824,0,"71675","05","AR"
684,0,0,0,684,0,"71676","05","AR"
185,0,0,0,185,0,"71677","05","AR"
20286,11401,0,11401,8885,0,"71701","05","AR"
106,0,0,0,106,0,"71711","05","AR"
2498,0,0,0,2498,0,"71720","05","AR"
87,0,0,0,87,0,"71722","05","AR"
431,0,0,0,431,0,"71724","05","AR"
555,0,0,0,555,0,"71725","05","AR"
1435,0,0,0,1435,0,"71726","05","AR"
32213,18944,0,18944,13269,0,"71730","05","AR"
1735,0,0,0,1735,0,"71740","05","AR"
5980,3844,0,3844,2136,0,"71742","05","AR"
4090,0,0,0,4090,0,"71743","05","AR"
3224,0,0,0,3224,0,"71744","05","AR"
264,0,0,0,264,0,"71745","05","AR"
1097,0,0,0,1097,0,"71747","05","AR"
2115,0,0,0,2115,0,"71749","05","AR"
939,0,0,0,939,0,"71751","05","AR"
1052,0,0,0,1052,0,"71752","05","AR"
16848,10438,0,10438,6410,0,"71753","05","AR"
450,0,0,0,450,0,"71758","05","AR"
600,0,0,0,600,0,"71759","05","AR"
2501,0,0,0,2501,0,"71762","05","AR"
1666,0,0,0,1666,0,"71763","05","AR"
1880,0,0,0,1880,0,"71764","05","AR"
2156,0,0,0,2156,0,"71765","05","AR"
670,0,0,0,670,0,"71766","05","AR"
3526,0,0,0,3526,0,"71770","05","AR"
34,0,0,0,34,0,"71772","05","AR"
16745,9991,0,9991,6754,0,"71801","05","AR"
103,0,0,0,103,0,"71820","05","AR"
8925,3983,0,3983,4942,0,"71822","05","AR"
83,0,0,0,83,0,"71823","05","AR"
645,0,0,0,645,0,"71825","05","AR"
1315,0,0,0,1315,0,"71826","05","AR"
817,0,0,0,817,0,"71827","05","AR"
11253,6209,0,6209,5044,0,"71832","05","AR"
2280,0,0,0,2280,0,"71833","05","AR"
1491,0,0,0,1491,0,"71834","05","AR"
1334,0,0,0,1334,0,"71835","05","AR"
2856,0,0,0,2856,0,"71836","05","AR"
5227,0,0,0,5227,0,"71837","05","AR"
1148,0,0,0,1148,0,"71838","05","AR"
280,0,0,0,280,0,"71839","05","AR"
913,0,0,0,913,0,"71841","05","AR"
2241,0,0,0,2241,0,"71842","05","AR"
2387,0,0,0,2387,0,"71845","05","AR"
2652,0,0,0,2652,0,"71846","05","AR"
673,0,0,0,673,0,"71847","05","AR"
2241,0,0,0,2241,0,"71851","05","AR"
10102,4488,0,4488,5614,0,"71852","05","AR"
365,0,0,0,365,0,"71853","05","AR"
36438,26072,26072,0,10366,0,"71854","05","AR"
708,0,0,0,708,0,"71855","05","AR"
5894,2773,0,2773,3121,0,"71857","05","AR"
1710,0,0,0,1710,0,"71858","05","AR"
477,0,0,0,477,0,"71859","05","AR"
2633,0,0,0,2633,0,"71860","05","AR"
2258,0,0,0,2258,0,"71861","05","AR"
771,0,0,0,771,0,"71862","05","AR"
194,163,0,163,31,0,"71865","05","AR"
725,0,0,0,725,0,"71866","05","AR"
29491,22969,22969,0,6522,0,"71901","05","AR"
15508,9133,0,9133,6375,0,"71909","05","AR"
43436,32152,32152,0,11284,0,"71913","05","AR"
3652,0,0,0,3652,0,"71921","05","AR"
129,0,0,0,129,0,"71922","05","AR"
15637,9464,0,9464,6173,0,"71923","05","AR"
4487,0,0,0,4487,0,"71929","05","AR"
1616,0,0,0,1616,0,"71933","05","AR"
808,0,0,0,808,0,"71935","05","AR"
2026,0,0,0,2026,0,"71937","05","AR"
1652,0,0,0,1652,0,"71940","05","AR"
2098,0,0,0,2098,0,"71941","05","AR"
4821,0,0,0,4821,0,"71943","05","AR"
773,0,0,0,773,0,"71944","05","AR"
1437,0,0,0,1437,0,"71945","05","AR"
1989,0,0,0,1989,0,"71949","05","AR"
875,0,0,0,875,0,"71950","05","AR"
145,0,0,0,145,0,"71952","05","AR"
14882,5499,0,5499,9383,0,"71953","05","AR"
1882,0,0,0,1882,0,"71956","05","AR"
3133,0,0,0,3133,0,"71957","05","AR"
2525,0,0,0,2525,0,"71958","05","AR"
754,0,0,0,754,0,"71959","05","AR"
1383,0,0,0,1383,0,"71960","05","AR"
1003,0,0,0,1003,0,"71961","05","AR"
792,0,0,0,792,0,"71962","05","AR"
3926,0,0,0,3926,0,"71964","05","AR"
315,0,0,0,315,0,"71965","05","AR"
4717,0,0,0,4717,0,"71968","05","AR"
376,0,0,0,376,0,"71969","05","AR"
792,0,0,0,792,0,"71970","05","AR"
513,0,0,0,513,0,"71971","05","AR"
309,0,0,0,309,0,"71972","05","AR"
1424,0,0,0,1424,0,"71973","05","AR"
321,321,0,321,0,0,"71998","05","AR"
706,706,0,706,0,0,"71999","05","AR"
566,0,0,0,566,0,"72001","05","AR"
14134,6592,6592,0,7542,0,"72002","05","AR"
746,0,0,0,746,0,"72003","05","AR"
1311,0,0,0,1311,0,"72004","05","AR"
248,0,0,0,248,0,"72005","05","AR"
2603,0,0,0,2603,0,"72006","05","AR"
6708,2085,2085,0,4623,0,"72007","05","AR"
6577,2517,0,2517,4060,0,"72010","05","AR"
4074,379,379,0,3695,0,"72011","05","AR"
11986,6714,0,6714,5272,0,"72012","05","AR"
2197,0,0,0,2197,0,"72013","05","AR"
60,0,0,0,60,0,"72014","05","AR"
27307,24091,24091,0,3216,0,"72015","05","AR"
3268,0,0,0,3268,0,"72016","05","AR"
726,0,0,0,726,0,"72017","05","AR"
23346,16753,16753,0,6593,0,"72019","05","AR"
4295,0,0,0,4295,0,"72020","05","AR"
4348,2528,0,2528,1820,0,"72021","05","AR"
14270,14236,14236,0,34,0,"72022","05","AR"
35026,24966,24966,0,10060,0,"72023","05","AR"
3777,0,0,0,3777,0,"72024","05","AR"
847,0,0,0,847,0,"72025","05","AR"
393,0,0,0,393,0,"72026","05","AR"
1417,0,0,0,1417,0,"72027","05","AR"
1912,0,0,0,1912,0,"72029","05","AR"
705,0,0,0,705,0,"72030","05","AR"
7683,0,0,0,7683,0,"72031","05","AR"
31436,19565,19565,0,11871,0,"72032","05","AR"
44723,42128,42128,0,2595,0,"72034","05","AR"
1083,1083,1083,0,0,0,"72035","05","AR"
817,0,0,0,817,0,"72036","05","AR"
28,0,0,0,28,0,"72037","05","AR"
74,0,0,0,74,0,"72038","05","AR"
2131,0,0,0,2131,0,"72039","05","AR"
2867,0,0,0,2867,0,"72040","05","AR"
1457,0,0,0,1457,0,"72041","05","AR"
5161,3185,0,3185,1976,0,"72042","05","AR"
881,0,0,0,881,0,"72044","05","AR"
1151,0,0,0,1151,0,"72045","05","AR"
4470,2762,0,2762,1708,0,"72046","05","AR"
969,0,0,0,969,0,"72047","05","AR"
114,0,0,0,114,0,"72048","05","AR"
622,0,0,0,622,0,"72051","05","AR"
849,0,0,0,849,0,"72055","05","AR"
1070,0,0,0,1070,0,"72057","05","AR"
15911,4069,0,4069,11842,0,"72058","05","AR"
37,0,0,0,37,0,"72059","05","AR"
666,0,0,0,666,0,"72060","05","AR"
250,0,0,0,250,0,"72061","05","AR"
1683,0,0,0,1683,0,"72063","05","AR"
2451,0,0,0,2451,0,"72064","05","AR"
5207,0,0,0,5207,0,"72065","05","AR"
2726,0,0,0,2726,0,"72067","05","AR"
424,320,0,320,104,0,"72068","05","AR"
1369,0,0,0,1369,0,"72069","05","AR"
1813,0,0,0,1813,0,"72070","05","AR"
544,0,0,0,544,0,"72072","05","AR"
1139,0,0,0,1139,0,"72073","05","AR"
167,0,0,0,167,0,"72074","05","AR"
37979,29856,29856,0,8123,0,"72076","05","AR"
786,0,0,0,786,0,"72079","05","AR"
662,0,0,0,662,0,"72080","05","AR"
7798,1182,0,1182,6616,0,"72081","05","AR"
1935,1744,0,1744,191,0,"72082","05","AR"
237,0,0,0,237,0,"72083","05","AR"
1229,0,0,0,1229,0,"72084","05","AR"
220,0,0,0,220,0,"72085","05","AR"
10727,4058,0,4058,6669,0,"72086","05","AR"
2051,11,0,11,2040,0,"72087","05","AR"
2391,0,0,0,2391,0,"72088","05","AR"
616,616,616,0,0,0,"72099","05","AR"
3378,0,0,0,3378,0,"72101","05","AR"
2873,0,0,0,2873,0,"72102","05","AR"
13078,6245,6245,0,6833,0,"72103","05","AR"
23354,11186,0,11186,12168,0,"72104","05","AR"
5376,2501,2501,0,2875,0,"72106","05","AR"
339,0,0,0,339,0,"72107","05","AR"
73,0,0,0,73,0,"72108","05","AR"
11498,6272,0,6272,5226,0,"72110","05","AR"
1362,0,0,0,1362,0,"72111","05","AR"
11467,6288,0,6288,5179,0,"72112","05","AR"
21273,18864,18864,0,2409,0,"72113","05","AR"
12658,12658,12658,0,0,0,"72114","05","AR"
21431,21431,21431,0,0,0,"72116","05","AR"
12684,9966,9966,0,2718,0,"72117","05","AR"
22592,19196,19196,0,3396,0,"72118","05","AR"
5,0,0,0,5,0,"72119","05","AR"
31610,28451,28451,0,3159,0,"72120","05","AR"
2704,0,0,0,2704,0,"72121","05","AR"
927,0,0,0,927,0,"72122","05","AR"
450,0,0,0,450,0,"72123","05","AR"
905,0,0,0,905,0,"72125","05","AR"
3674,0,0,0,3674,0,"72126","05","AR"
2149,0,0,0,2149,0,"72127","05","AR"
814,0,0,0,814,0,"72128","05","AR"
1409,0,0,0,1409,0,"72129","05","AR"
560,0,0,0,560,0,"72130","05","AR"
4631,0,0,0,4631,0,"72131","05","AR"
3242,0,0,0,3242,0,"72132","05","AR"
315,0,0,0,315,0,"72134","05","AR"
2623,0,0,0,2623,0,"72135","05","AR"
1772,0,0,0,1772,0,"72136","05","AR"
2555,0,0,0,2555,0,"72137","05","AR"
216,0,0,0,216,0,"72139","05","AR"
305,0,0,0,305,0,"72140","05","AR"
625,0,0,0,625,0,"72141","05","AR"
2499,0,0,0,2499,0,"72142","05","AR"
35169,22733,0,22733,12436,0,"72143","05","AR"
0,0,0,0,0,0,"72149","05","AR"
12006,4458,0,4458,7548,0,"72150","05","AR"
429,0,0,0,429,0,"72152","05","AR"
2572,0,0,0,2572,0,"72153","05","AR"
639,0,0,0,639,0,"72156","05","AR"
1607,0,0,0,1607,0,"72157","05","AR"
10736,9233,0,9233,1503,0,"72160","05","AR"
111,0,0,0,111,0,"72165","05","AR"
260,0,0,0,260,0,"72166","05","AR"
1719,0,0,0,1719,0,"72167","05","AR"
1834,0,0,0,1834,0,"72168","05","AR"
203,0,0,0,203,0,"72169","05","AR"
202,0,0,0,202,0,"72170","05","AR"
9078,0,0,0,9078,0,"72173","05","AR"
354,0,0,0,354,0,"72175","05","AR"
8141,4032,4032,0,4109,0,"72176","05","AR"
450,0,0,0,450,0,"72179","05","AR"
62,0,0,0,62,0,"72181","05","AR"
1024,1024,1024,0,0,0,"72201","05","AR"
9978,9978,9978,0,0,0,"72202","05","AR"
32505,32163,32163,0,342,0,"72204","05","AR"
23000,23000,23000,0,0,0,"72205","05","AR"
25624,12968,12968,0,12656,0,"72206","05","AR"
10344,10344,10344,0,0,0,"72207","05","AR"
32376,32121,32121,0,255,0,"72209","05","AR"
14258,8609,8609,0,5649,0,"72210","05","AR"
21288,21149,21149,0,139,0,"72211","05","AR"
12705,12705,12705,0,0,0,"72212","05","AR"
19890,15448,15448,0,4442,0,"72223","05","AR"
11462,11462,11462,0,0,0,"72227","05","AR"
26069,26045,26045,0,24,0,"72301","05","AR"
135,0,0,0,135,0,"72311","05","AR"
23966,18219,0,18219,5747,0,"72315","05","AR"
1847,0,0,0,1847,0,"72320","05","AR"
154,0,0,0,154,0,"72321","05","AR"
195,0,0,0,195,0,"72322","05","AR"
1978,0,0,0,1978,0,"72324","05","AR"
43,0,0,0,43,0,"72325","05","AR"
2267,0,0,0,2267,0,"72326","05","AR"
1732,0,0,0,1732,0,"72327","05","AR"
64,0,0,0,64,0,"72328","05","AR"
80,0,0,0,80,0,"72329","05","AR"
756,0,0,0,756,0,"72330","05","AR"
3184,0,0,0,3184,0,"72331","05","AR"
104,0,0,0,104,0,"72332","05","AR"
667,0,0,0,667,0,"72333","05","AR"
20121,13690,0,13690,6431,0,"72335","05","AR"
43,0,0,0,43,0,"72338","05","AR"
204,0,0,0,204,0,"72339","05","AR"
90,0,0,0,90,0,"72340","05","AR"
222,0,0,0,222,0,"72341","05","AR"
5532,3505,0,3505,2027,0,"72342","05","AR"
697,0,0,0,697,0,"72346","05","AR"
711,0,0,0,711,0,"72347","05","AR"
2594,0,0,0,2594,0,"72348","05","AR"
1226,0,0,0,1226,0,"72350","05","AR"
835,0,0,0,835,0,"72351","05","AR"
114,0,0,0,114,0,"72353","05","AR"
2470,0,0,0,2470,0,"72354","05","AR"
2768,0,0,0,2768,0,"72355","05","AR"
1690,1175,0,1175,515,0,"72358","05","AR"
430,0,0,0,430,0,"72359","05","AR"
6466,3804,0,3804,2662,0,"72360","05","AR"
15831,14225,14225,0,1606,0,"72364","05","AR"
3146,0,0,0,3146,0,"72365","05","AR"
2543,0,0,0,2543,0,"72366","05","AR"
108,0,0,0,108,0,"72367","05","AR"
1228,0,0,0,1228,0,"72368","05","AR"
8606,7105,0,7105,1501,0,"72370","05","AR"
1945,0,0,0,1945,0,"72372","05","AR"
1329,0,0,0,1329,0,"72373","05","AR"
876,0,0,0,876,0,"72374","05","AR"
1977,0,0,0,1977,0,"72376","05","AR"
36,0,0,0,36,0,"72377","05","AR"
50,0,0,0,50,0,"72379","05","AR"
53,0,0,0,53,0,"72383","05","AR"
953,0,0,0,953,0,"72384","05","AR"
1777,0,0,0,1777,0,"72386","05","AR"
204,0,0,0,204,0,"72389","05","AR"
9107,7816,0,7816,1291,0,"72390","05","AR"
481,0,0,0,481,0,"72392","05","AR"
625,0,0,0,625,0,"72394","05","AR"
1017,0,0,0,1017,0,"72395","05","AR"
13734,7722,0,7722,6012,0,"72396","05","AR"
53767,45895,45895,0,7872,0,"72401","05","AR"
23482,17491,17491,0,5991,0,"72404","05","AR"
498,0,0,0,498,0,"72410","05","AR"
2294,0,0,0,2294,0,"72411","05","AR"
633,0,0,0,633,0,"72412","05","AR"
598,0,0,0,598,0,"72413","05","AR"
443,0,0,0,443,0,"72414","05","AR"
1346,0,0,0,1346,0,"72415","05","AR"
5783,326,326,0,5457,0,"72416","05","AR"
3568,1404,1404,0,2164,0,"72417","05","AR"
1748,0,0,0,1748,0,"72419","05","AR"
554,0,0,0,554,0,"72421","05","AR"
4979,3180,0,3180,1799,0,"72422","05","AR"
94,0,0,0,94,0,"72424","05","AR"
446,0,0,0,446,0,"72425","05","AR"
196,0,0,0,196,0,"72426","05","AR"
174,0,0,0,174,0,"72427","05","AR"
95,0,0,0,95,0,"72428","05","AR"
427,0,0,0,427,0,"72429","05","AR"
411,0,0,0,411,0,"72430","05","AR"
401,0,0,0,401,0,"72431","05","AR"
6462,0,0,0,6462,0,"72432","05","AR"
3067,1874,0,1874,1193,0,"72433","05","AR"
2108,0,0,0,2108,0,"72434","05","AR"
505,0,0,0,505,0,"72435","05","AR"
942,0,0,0,942,0,"72436","05","AR"
3272,0,0,0,3272,0,"72437","05","AR"
2574,0,0,0,2574,0,"72438","05","AR"
255,0,0,0,255,0,"72440","05","AR"
94,0,0,0,94,0,"72441","05","AR"
4886,3124,0,3124,1762,0,"72442","05","AR"
2986,0,0,0,2986,0,"72443","05","AR"
1821,0,0,0,1821,0,"72444","05","AR"
91,0,0,0,91,0,"72445","05","AR"
1964,0,0,0,1964,0,"72447","05","AR"
213,0,0,0,213,0,"72449","05","AR"
36033,24620,0,24620,11413,0,"72450","05","AR"
198,0,0,0,198,0,"72453","05","AR"
5127,3437,0,3437,1690,0,"72454","05","AR"
12518,5854,0,5854,6664,0,"72455","05","AR"
585,0,0,0,585,0,"72456","05","AR"
132,0,0,0,132,0,"72457","05","AR"
755,0,0,0,755,0,"72458","05","AR"
1329,0,0,0,1329,0,"72459","05","AR"
832,0,0,0,832,0,"72460","05","AR"
3789,0,0,0,3789,0,"72461","05","AR"
408,0,0,0,408,0,"72462","05","AR"
98,0,0,0,98,0,"72464","05","AR"
1481,0,0,0,1481,0,"72466","05","AR"
303,303,303,0,0,0,"72467","05","AR"
1124,0,0,0,1124,0,"72469","05","AR"
319,0,0,0,319,0,"72470","05","AR"
1108,0,0,0,1108,0,"72471","05","AR"
9447,7095,0,7095,2352,0,"72472","05","AR"
2376,0,0,0,2376,0,"72473","05","AR"
7155,4472,0,4472,2683,0,"72476","05","AR"
390,0,0,0,390,0,"72478","05","AR"
1489,0,0,0,1489,0,"72479","05","AR"
1241,0,0,0,1241,0,"72482","05","AR"
25099,11327,0,11327,13772,0,"72501","05","AR"
2234,0,0,0,2234,0,"72512","05","AR"
2856,0,0,0,2856,0,"72513","05","AR"
63,0,0,0,63,0,"72515","05","AR"
487,0,0,0,487,0,"72517","05","AR"
3150,0,0,0,3150,0,"72519","05","AR"
309,0,0,0,309,0,"72520","05","AR"
4814,0,0,0,4814,0,"72521","05","AR"
405,0,0,0,405,0,"72522","05","AR"
1091,0,0,0,1091,0,"72523","05","AR"
376,0,0,0,376,0,"72524","05","AR"
154,0,0,0,154,0,"72526","05","AR"
583,186,0,186,397,0,"72527","05","AR"
65,0,0,0,65,0,"72528","05","AR"
4726,3241,0,3241,1485,0,"72529","05","AR"
1987,0,0,0,1987,0,"72530","05","AR"
800,0,0,0,800,0,"72531","05","AR"
1712,0,0,0,1712,0,"72532","05","AR"
416,0,0,0,416,0,"72533","05","AR"
1320,0,0,0,1320,0,"72534","05","AR"
429,0,0,0,429,0,"72536","05","AR"
805,0,0,0,805,0,"72537","05","AR"
432,0,0,0,432,0,"72538","05","AR"
253,0,0,0,253,0,"72539","05","AR"
149,0,0,0,149,0,"72540","05","AR"
3826,202,0,202,3624,0,"72542","05","AR"
12535,6357,0,6357,6178,0,"72543","05","AR"
636,0,0,0,636,0,"72544","05","AR"
181,0,0,0,181,0,"72546","05","AR"
985,0,0,0,985,0,"72550","05","AR"
69,0,0,0,69,0,"72553","05","AR"
2923,867,0,867,2056,0,"72554","05","AR"
182,0,0,0,182,0,"72555","05","AR"
3375,0,0,0,3375,0,"72556","05","AR"
8754,0,0,0,8754,0,"72560","05","AR"
981,0,0,0,981,0,"72561","05","AR"
2238,0,0,0,2238,0,"72562","05","AR"
546,0,0,0,546,0,"72564","05","AR"
999,0,0,0,999,0,"72565","05","AR"
624,0,0,0,624,0,"72566","05","AR"
262,0,0,0,262,0,"72567","05","AR"
1662,0,0,0,1662,0,"72568","05","AR"
468,0,0,0,468,0,"72569","05","AR"
369,0,0,0,369,0,"72571","05","AR"
228,0,0,0,228,0,"72572","05","AR"
278,0,0,0,278,0,"72573","05","AR"
3868,0,0,0,3868,0,"72576","05","AR"
700,0,0,0,700,0,"72577","05","AR"
212,0,0,0,212,0,"72578","05","AR"
1287,0,0,0,1287,0,"72579","05","AR"
1030,0,0,0,1030,0,"72581","05","AR"
1679,0,0,0,1679,0,"72583","05","AR"
568,0,0,0,568,0,"72584","05","AR"
216,0,0,0,216,0,"72585","05","AR"
134,0,0,0,134,0,"72587","05","AR"
30163,13950,0,13950,16213,0,"72601","05","AR"
1696,0,0,0,1696,0,"72611","05","AR"
10441,4800,0,4800,5641,0,"72616","05","AR"
198,0,0,0,198,0,"72617","05","AR"
1936,0,0,0,1936,0,"72619","05","AR"
648,0,0,0,648,0,"72623","05","AR"
594,0,0,0,594,0,"72624","05","AR"
1243,0,0,0,1243,0,"72626","05","AR"
803,0,0,0,803,0,"72628","05","AR"
629,0,0,0,629,0,"72629","05","AR"
197,0,0,0,197,0,"72630","05","AR"
3709,0,0,0,3709,0,"72631","05","AR"
4449,0,0,0,4449,0,"72632","05","AR"
1833,0,0,0,1833,0,"72633","05","AR"
4670,0,0,0,4670,0,"72634","05","AR"
3624,0,0,0,3624,0,"72635","05","AR"
24,0,0,0,24,0,"72636","05","AR"
7186,2656,0,2656,4530,0,"72638","05","AR"
683,0,0,0,683,0,"72639","05","AR"
385,0,0,0,385,0,"72640","05","AR"
2585,0,0,0,2585,0,"72641","05","AR"
1979,0,0,0,1979,0,"72642","05","AR"
2253,0,0,0,2253,0,"72644","05","AR"
1867,0,0,0,1867,0,"72645","05","AR"
716,0,0,0,716,0,"72648","05","AR"
4362,0,0,0,4362,0,"72650","05","AR"
1206,0,0,0,1206,0,"72651","05","AR"
28560,14180,0,14180,14380,0,"72653","05","AR"
457,0,0,0,457,0,"72655","05","AR"
1685,0,0,0,1685,0,"72658","05","AR"
524,0,0,0,524,0,"72660","05","AR"
580,0,0,0,580,0,"72661","05","AR"
2986,0,0,0,2986,0,"72662","05","AR"
361,0,0,0,361,0,"72663","05","AR"
275,0,0,0,275,0,"72666","05","AR"
521,0,0,0,521,0,"72668","05","AR"
107,0,0,0,107,0,"72669","05","AR"
99,0,0,0,99,0,"72670","05","AR"
279,0,0,0,279,0,"72672","05","AR"
1399,0,0,0,1399,0,"72675","05","AR"
525,0,0,0,525,0,"72677","05","AR"
48,0,0,0,48,0,"72679","05","AR"
807,0,0,0,807,0,"72680","05","AR"
194,0,0,0,194,0,"72682","05","AR"
211,0,0,0,211,0,"72683","05","AR"
1365,0,0,0,1365,0,"72685","05","AR"
182,0,0,0,182,0,"72686","05","AR"
6461,0,0,0,6461,0,"72687","05","AR"
39782,33768,33768,0,6014,0,"72701","05","AR"
28261,24722,24722,0,3539,0,"72703","05","AR"
21336,15831,15831,0,5505,0,"72704","05","AR"
40933,34538,34538,0,6395,0,"72712","05","AR"
11880,10883,10883,0,997,0,"72714","05","AR"
15051,12425,12425,0,2626,0,"72715","05","AR"
1071,0,0,0,1071,0,"72717","05","AR"
1465,848,848,0,617,0,"72718","05","AR"
8975,8687,8687,0,288,0,"72719","05","AR"
391,0,0,0,391,0,"72721","05","AR"
3138,0,0,0,3138,0,"72722","05","AR"
5658,1274,1274,0,4384,0,"72727","05","AR"
280,0,0,0,280,0,"72729","05","AR"
7585,5183,5183,0,2402,0,"72730","05","AR"
4716,0,0,0,4716,0,"72732","05","AR"
7322,3157,0,3157,4165,0,"72734","05","AR"
6208,0,0,0,6208,0,"72736","05","AR"
2419,0,0,0,2419,0,"72738","05","AR"
473,0,0,0,473,0,"72739","05","AR"
9543,0,0,0,9543,0,"72740","05","AR"
545,0,0,0,545,0,"72742","05","AR"
5343,0,0,0,5343,0,"72744","05","AR"
11376,6968,6968,0,4408,0,"72745","05","AR"
152,0,0,0,152,0,"72747","05","AR"
84,0,0,0,84,0,"72749","05","AR"
6434,4422,4422,0,2012,0,"72751","05","AR"
293,0,0,0,293,0,"72752","05","AR"
7936,3398,185,3213,4538,0,"72753","05","AR"
38455,29272,29272,0,9183,0,"72756","05","AR"
33487,31505,31505,0,1982,0,"72758","05","AR"
342,0,0,0,342,0,"72760","05","AR"
21211,15493,0,15493,5718,0,"72761","05","AR"
35342,29685,29685,0,5657,0,"72762","05","AR"
50230,44885,44885,0,5345,0,"72764","05","AR"
1306,0,0,0,1306,0,"72768","05","AR"
1162,0,0,0,1162,0,"72769","05","AR"
953,0,0,0,953,0,"72773","05","AR"
6121,0,0,0,6121,0,"72774","05","AR"
574,0,0,0,574,0,"72776","05","AR"
18685,18685,0,18685,0,0,"72801","05","AR"
20973,9321,0,9321,11652,0,"72802","05","AR"
2048,0,0,0,2048,0,"72821","05","AR"
6765,0,0,0,6765,0,"72823","05","AR"
1876,0,0,0,1876,0,"72824","05","AR"
47,0,0,0,47,0,"72826","05","AR"
187,0,0,0,187,0,"72827","05","AR"
114,0,0,0,114,0,"72828","05","AR"
14896,7313,0,7313,7583,0,"72830","05","AR"
923,0,0,0,923,0,"72832","05","AR"
4384,0,0,0,4384,0,"72833","05","AR"
10565,4631,0,4631,5934,0,"72834","05","AR"
923,0,0,0,923,0,"72835","05","AR"
7845,0,0,0,7845,0,"72837","05","AR"
115,0,0,0,115,0,"72838","05","AR"
242,0,0,0,242,0,"72839","05","AR"
2149,0,0,0,2149,0,"72840","05","AR"
227,0,0,0,227,0,"72841","05","AR"
1478,0,0,0,1478,0,"72842","05","AR"
2274,0,0,0,2274,0,"72843","05","AR"
1216,0,0,0,1216,0,"72845","05","AR"
3913,0,0,0,3913,0,"72846","05","AR"
2850,0,0,0,2850,0,"72847","05","AR"
572,0,0,0,572,0,"72851","05","AR"
315,0,0,0,315,0,"72852","05","AR"
2217,0,0,0,2217,0,"72853","05","AR"
703,0,0,0,703,0,"72854","05","AR"
6314,3143,0,3143,3171,0,"72855","05","AR"
464,0,0,0,464,0,"72856","05","AR"
1430,0,0,0,1430,0,"72857","05","AR"
3178,96,0,96,3082,0,"72858","05","AR"
375,0,0,0,375,0,"72860","05","AR"
1582,0,0,0,1582,0,"72863","05","AR"
1366,0,0,0,1366,0,"72865","05","AR"
21591,21591,21591,0,0,0,"72901","05","AR"
26148,26121,26121,0,27,0,"72903","05","AR"
21893,21499,21499,0,394,0,"72904","05","AR"
13378,13366,13366,0,12,0,"72908","05","AR"
7131,3566,3566,0,3565,0,"72916","05","AR"
13787,5277,5277,0,8510,0,"72921","05","AR"
4735,4727,4727,0,8,0,"72923","05","AR"
545,0,0,0,545,0,"72926","05","AR"
8701,3335,0,3335,5366,0,"72927","05","AR"
755,0,0,0,755,0,"72928","05","AR"
320,0,0,0,320,0,"72930","05","AR"
1597,0,0,0,1597,0,"72932","05","AR"
4999,0,0,0,4999,0,"72933","05","AR"
1047,0,0,0,1047,0,"72934","05","AR"
577,0,0,0,577,0,"72935","05","AR"
14527,8704,85,8619,5823,0,"72936","05","AR"
3858,0,0,0,3858,0,"72937","05","AR"
1391,0,0,0,1391,0,"72938","05","AR"
2515,0,0,0,2515,0,"72940","05","AR"
5251,0,0,0,5251,0,"72941","05","AR"
2646,0,0,0,2646,0,"72943","05","AR"
2919,0,0,0,2919,0,"72944","05","AR"
314,0,0,0,314,0,"72945","05","AR"
3654,0,0,0,3654,0,"72946","05","AR"
4433,0,0,0,4433,0,"72947","05","AR"
518,0,0,0,518,0,"72948","05","AR"
10177,3153,0,3153,7024,0,"72949","05","AR"
409,0,0,0,409,0,"72950","05","AR"
988,0,0,0,988,0,"72951","05","AR"
2945,0,0,0,2945,0,"72952","05","AR"
438,0,0,0,438,0,"72955","05","AR"
34074,24482,24482,0,9592,0,"72956","05","AR"
8117,3330,0,3330,4787,0,"72958","05","AR"
2786,0,0,0,2786,0,"72959","05","AR"
26,0,0,0,26,0,"75556","05","AR"
31,0,0,0,31,0,"89010","06","CA"
69,0,0,0,69,0,"89019","06","CA"
30,0,0,0,30,0,"89060","06","CA"
51,0,0,0,51,0,"89061","06","CA"
80,0,0,0,80,0,"89439","06","CA"
57110,57110,57110,0,0,0,"90001","06","CA"
51223,51223,51223,0,0,0,"90002","06","CA"
66266,66266,66266,0,0,0,"90003","06","CA"
62180,62180,62180,0,0,0,"90004","06","CA"
37681,37681,37681,0,0,0,"90005","06","CA"
59185,59185,59185,0,0,0,"90006","06","CA"
40920,40920,40920,0,0,0,"90007","06","CA"
32327,32327,32327,0,0,0,"90008","06","CA"
3800,3800,3800,0,0,0,"90010","06","CA"
103892,103892,103892,0,0,0,"90011","06","CA"
31103,31103,31103,0,0,0,"90012","06","CA"
11772,11772,11772,0,0,0,"90013","06","CA"
7005,7005,7005,0,0,0,"90014","06","CA"
18986,18986,18986,0,0,0,"90015","06","CA"
47596,47596,47596,0,0,0,"90016","06","CA"
23768,23768,23768,0,0,0,"90017","06","CA"
49310,49310,49310,0,0,0,"90018","06","CA"
64458,64458,64458,0,0,0,"90019","06","CA"
38967,38967,38967,0,0,0,"90020","06","CA"
3951,3951,3951,0,0,0,"90021","06","CA"
67179,67179,67179,0,0,0,"90022","06","CA"
45903,45903,45903,0,0,0,"90023","06","CA"
47452,47452,47452,0,0,0,"90024","06","CA"
42147,42147,42147,0,0,0,"90025","06","CA"
67869,67869,67869,0,0,0,"90026","06","CA"
45151,45141,45141,0,10,0,"90027","06","CA"
28714,28714,28714,0,0,0,"90028","06","CA"
38617,38617,38617,0,0,0,"90029","06","CA"
39316,39316,39316,0,0,0,"90031","06","CA"
45786,45786,45786,0,0,0,"90032","06","CA"
48852,48852,48852,0,0,0,"90033","06","CA"
57964,57964,57964,0,0,0,"90034","06","CA"
28418,28418,28418,0,0,0,"90035","06","CA"
36865,36865,36865,0,0,0,"90036","06","CA"
62276,62276,62276,0,0,0,"90037","06","CA"
28917,28917,28917,0,0,0,"90038","06","CA"
28514,28514,28514,0,0,0,"90039","06","CA"
12520,12520,12520,0,0,0,"90040","06","CA"
27425,27425,27425,0,0,0,"90041","06","CA"
62430,62430,62430,0,0,0,"90042","06","CA"
44789,44789,44789,0,0,0,"90043","06","CA"
89779,89779,89779,0,0,0,"90044","06","CA"
39480,39480,39480,0,0,0,"90045","06","CA"
48581,48581,48581,0,0,0,"90046","06","CA"
48606,48606,48606,0,0,0,"90047","06","CA"
21397,21397,21397,0,0,0,"90048","06","CA"
35482,33735,33735,0,1747,0,"90049","06","CA"
7827,7827,7827,0,0,0,"90056","06","CA"
44998,44998,44998,0,0,0,"90057","06","CA"
3223,3223,3223,0,0,0,"90058","06","CA"
40952,40952,40952,0,0,0,"90059","06","CA"
26872,26872,26872,0,0,0,"90061","06","CA"
32821,32821,32821,0,0,0,"90062","06","CA"
55758,55758,55758,0,0,0,"90063","06","CA"
25403,25403,25403,0,0,0,"90064","06","CA"
45527,45527,45527,0,0,0,"90065","06","CA"
55277,55277,55277,0,0,0,"90066","06","CA"
2424,2424,2424,0,0,0,"90067","06","CA"
22286,22282,22282,0,4,0,"90068","06","CA"
20483,20483,20483,0,0,0,"90069","06","CA"
15,15,15,0,0,0,"90071","06","CA"
539,539,539,0,0,0,"90073","06","CA"
9377,9377,9377,0,0,0,"90077","06","CA"
0,0,0,0,0,0,"90079","06","CA"
3217,3217,3217,0,0,0,"90089","06","CA"
0,0,0,0,0,0,"90090","06","CA"
5464,5464,5464,0,0,0,"90094","06","CA"
3,3,3,0,0,0,"90095","06","CA"
101279,101279,101279,0,0,0,"90201","06","CA"
21741,21741,21741,0,0,0,"90210","06","CA"
8434,8434,8434,0,0,0,"90211","06","CA"
11555,11555,11555,0,0,0,"90212","06","CA"
49328,49328,49328,0,0,0,"90220","06","CA"
53704,53704,53704,0,0,0,"90221","06","CA"
31869,31869,31869,0,0,0,"90222","06","CA"
31766,31766,31766,0,0,0,"90230","06","CA"
15149,15149,15149,0,0,0,"90232","06","CA"
25876,25876,25876,0,0,0,"90240","06","CA"
42399,42399,42399,0,0,0,"90241","06","CA"
43497,43497,43497,0,0,0,"90242","06","CA"
16654,16654,16654,0,0,0,"90245","06","CA"
47487,47487,47487,0,0,0,"90247","06","CA"
9947,9947,9947,0,0,0,"90248","06","CA"
26669,26669,26669,0,0,0,"90249","06","CA"
93193,93193,93193,0,0,0,"90250","06","CA"
19506,19506,19506,0,0,0,"90254","06","CA"
75066,75066,75066,0,0,0,"90255","06","CA"
34924,34924,34924,0,0,0,"90260","06","CA"
69745,69745,69745,0,0,0,"90262","06","CA"
1612,1612,1612,0,0,0,"90263","06","CA"
18116,12929,12929,0,5187,0,"90265","06","CA"
35135,35135,35135,0,0,0,"90266","06","CA"
27372,27372,27372,0,0,0,"90270","06","CA"
22986,22818,22818,0,168,0,"90272","06","CA"
25209,25209,25209,0,0,0,"90274","06","CA"
41804,41804,41804,0,0,0,"90275","06","CA"
35293,35293,35293,0,0,0,"90277","06","CA"
40071,40071,40071,0,0,0,"90278","06","CA"
94396,94396,94396,0,0,0,"90280","06","CA"
6368,4437,4437,0,1931,0,"90290","06","CA"
28341,28341,28341,0,0,0,"90291","06","CA"
21576,21576,21576,0,0,0,"90292","06","CA"
12132,12132,12132,0,0,0,"90293","06","CA"
36568,36568,36568,0,0,0,"90301","06","CA"
29415,29415,29415,0,0,0,"90302","06","CA"
26176,26176,26176,0,0,0,"90303","06","CA"
28210,28210,28210,0,0,0,"90304","06","CA"
14853,14853,14853,0,0,0,"90305","06","CA"
6722,6722,6722,0,0,0,"90401","06","CA"
12250,12250,12250,0,0,0,"90402","06","CA"
24525,24525,24525,0,0,0,"90403","06","CA"
21360,21360,21360,0,0,0,"90404","06","CA"
27186,27186,27186,0,0,0,"90405","06","CA"
43180,43180,43180,0,0,0,"90501","06","CA"
18010,18010,18010,0,0,0,"90502","06","CA"
44383,44383,44383,0,0,0,"90503","06","CA"
32102,32102,32102,0,0,0,"90504","06","CA"
36678,36678,36678,0,0,0,"90505","06","CA"
0,0,0,0,0,0,"90506","06","CA"
31974,31974,31974,0,0,0,"90601","06","CA"
25777,25777,25777,0,0,0,"90602","06","CA"
20063,20063,20063,0,0,0,"90603","06","CA"
39407,39407,39407,0,0,0,"90604","06","CA"
40331,40331,40331,0,0,0,"90605","06","CA"
32396,32396,32396,0,0,0,"90606","06","CA"
45113,45113,45113,0,0,0,"90620","06","CA"
35153,35153,35153,0,0,0,"90621","06","CA"
15554,15554,15554,0,0,0,"90623","06","CA"
47993,47993,47993,0,0,0,"90630","06","CA"
67619,67619,67619,0,0,0,"90631","06","CA"
49012,49012,49012,0,0,0,"90638","06","CA"
62549,62549,62549,0,0,0,"90640","06","CA"
105549,105549,105549,0,0,0,"90650","06","CA"
62928,62928,62928,0,0,0,"90660","06","CA"
14866,14866,14866,0,0,0,"90670","06","CA"
29945,29945,29945,0,0,0,"90680","06","CA"
16591,16591,16591,0,0,0,"90701","06","CA"
49399,49399,49399,0,0,0,"90703","06","CA"
4090,3652,0,3652,438,0,"90704","06","CA"
76615,76615,76615,0,0,0,"90706","06","CA"
25457,25457,25457,0,0,0,"90710","06","CA"
31499,31499,31499,0,0,0,"90712","06","CA"
27925,27925,27925,0,0,0,"90713","06","CA"
20388,20388,20388,0,0,0,"90715","06","CA"
14184,14184,14184,0,0,0,"90716","06","CA"
21318,21318,21318,0,0,0,"90717","06","CA"
21751,21751,21751,0,0,0,"90720","06","CA"
54099,54099,54099,0,0,0,"90723","06","CA"
59662,59662,59662,0,0,0,"90731","06","CA"
21115,21115,21115,0,0,0,"90732","06","CA"
23729,23729,23729,0,0,0,"90740","06","CA"
831,831,831,0,0,0,"90742","06","CA"
456,456,456,0,0,0,"90743","06","CA"
53815,53815,53815,0,0,0,"90744","06","CA"
57251,57251,57251,0,0,0,"90745","06","CA"
25990,25990,25990,0,0,0,"90746","06","CA"
0,0,0,0,0,0,"90747","06","CA"
11074,11074,11074,0,0,0,"90755","06","CA"
39347,39347,39347,0,0,0,"90802","06","CA"
32031,32031,32031,0,0,0,"90803","06","CA"
40311,40311,40311,0,0,0,"90804","06","CA"
93524,93524,93524,0,0,0,"90805","06","CA"
42399,42399,42399,0,0,0,"90806","06","CA"
31481,31481,31481,0,0,0,"90807","06","CA"
38232,38232,38232,0,0,0,"90808","06","CA"
36735,36735,36735,0,0,0,"90810","06","CA"
58911,58911,58911,0,0,0,"90813","06","CA"
19131,19131,19131,0,0,0,"90814","06","CA"
39733,39733,39733,0,0,0,"90815","06","CA"
117,117,117,0,0,0,"90822","06","CA"
0,0,0,0,0,0,"90831","06","CA"
36126,36122,36122,0,4,0,"91001","06","CA"
31715,31715,31715,0,0,0,"91006","06","CA"
34095,34095,34095,0,0,0,"91007","06","CA"
1391,1391,1391,0,0,0,"91008","06","CA"
26074,26069,26069,0,5,0,"91010","06","CA"
20280,20269,20269,0,11,0,"91011","06","CA"
40598,40378,40378,0,220,0,"91016","06","CA"
8415,8415,8415,0,0,0,"91020","06","CA"
10917,10917,10917,0,0,0,"91024","06","CA"
25616,25616,25616,0,0,0,"91030","06","CA"
20372,20368,20368,0,4,0,"91040","06","CA"
27585,27473,27473,0,112,0,"91042","06","CA"
156,156,156,0,0,0,"91046","06","CA"
20460,20460,20460,0,0,0,"91101","06","CA"
27480,27480,27480,0,0,0,"91103","06","CA"
36751,36751,36751,0,0,0,"91104","06","CA"
11254,11254,11254,0,0,0,"91105","06","CA"
24229,24229,24229,0,0,0,"91106","06","CA"
32940,32930,32930,0,10,0,"91107","06","CA"
13361,13361,13361,0,0,0,"91108","06","CA"
22781,22781,22781,0,0,0,"91201","06","CA"
22830,22830,22830,0,0,0,"91202","06","CA"
13220,13220,13220,0,0,0,"91203","06","CA"
16032,16032,16032,0,0,0,"91204","06","CA"
37810,37810,37810,0,0,0,"91205","06","CA"
